0 1.0 0.0
0.05 1.0 0.05
0.1 0.9975 0.1
0.15000000000000002 0.9925 0.149875
0.2 0.9850062500000001 0.1995
0.25 0.9750312500000001 0.24875031250000001
0.3 0.9625937343750002 0.297501875
0.35 0.9477186406250002 0.34563156171875004
0.39999999999999997 0.9304370625390627 0.39301749375000006
0.44999999999999996 0.9107861878515626 0.4395393468769532
0.49999999999999994 0.8888092205077149 0.4850786562695313
0.5499999999999999 0.8645552876942384 0.5295191172949171
0.6 0.8380793318294926 0.572746881679629
0.65 0.8094419877455111 0.6146508482711036
0.7000000000000001 0.778709445331956 0.6551229476583792
0.7500000000000001 0.745953297949037 0.694058419924977
0.8000000000000002 0.7112503769527881 0.7313560848224289
0.8500000000000002 0.6746825727116667 0.7669186036700683
0.9000000000000002 0.6363366425281632 0.8006527323056516
0.9500000000000003 0.5963040059128807 0.8324695644320598
1.0000000000000002 0.5546805276912777 0.8622847647277038
1.0500000000000003 0.5115662894548926 0.8900187911122677
1.1000000000000003 0.46706534989927917 0.9155971055850123
1.1500000000000004 0.42128549462002857 0.9389503730799762
1.2000000000000004 0.37433797596602975 0.9600146478109777
1.2500000000000004 0.3263372435754809 0.9787315466092792
1.3000000000000005 0.2774006662450169 0.9950484087880532
1.3500000000000005 0.22764824580561424 1.0089184421003041
1.4000000000000006 0.17720232370059902 1.020300854390585
1.4500000000000006 0.12618728098106977 1.0291609705756148
1.5000000000000007 0.07472923245228902 1.0354703346246683
1.5500000000000007 0.0229557157210556 1.0392067962472828
1.6000000000000008 -0.029004624091308544 1.0403545820333355
1.6500000000000008 -0.08102235319297532 1.03890435082877
1.7000000000000008 -0.13296757073441384 1.0348532331691214
1.7500000000000009 -0.1847102323928699 1.0282048546324007
1.800000000000001 -0.23612047512448994 1.0189693430127573
1.850000000000001 -0.2870689422751278 1.0071633192565328
1.900000000000001 -0.33742710823795447 0.9928098721427764
1.950000000000001 -0.38706760184509326 0.9759385167308786
2.000000000000001 -0.4358645276816372 0.956585136638624
2.0500000000000007 -0.48369378451356837 0.9347919102545421
2.1000000000000005 -0.5304333800262955 0.9106072210288637
2.1500000000000004 -0.5759637410777386 0.8840855520275489
2.2 -0.6201680186791161 0.855287364973662
2.25 -0.6629323869277992 0.8242789640397061
2.3 -0.7041463351297845 0.7911323446933162
2.3499999999999996 -0.7437029523644504 0.7559250279368269
2.3999999999999995 -0.7814992037612918 0.7187398803186044
2.4499999999999993 -0.817436197777222 0.6796649201305398
2.499999999999999 -0.851419443783749 0.6387931102416787
2.549999999999999 -0.8833590992958329 0.5962221380524912
2.5999999999999988 -0.9131702061984575 0.5520541830876996
2.6499999999999986 -0.9407729153528425 0.5063956727777768
2.6999999999999984 -0.9660926989917313 0.45935702701013464
2.7499999999999982 -0.989060550342238 0.41105239206054806
2.799999999999998 -1.0096131699452655 0.36159936454343616
2.849999999999998 -1.0276931381724372 0.31111870604617287
2.8999999999999977 -1.043249073474746 0.259734049137551
2.9499999999999975 -1.0562357759316234 0.2075715954638137
2.9999999999999973 -1.0666143557048142 0.15475980666723255
3.049999999999997 -1.0743523460381759 0.10142908888199184
3.099999999999997 -1.0794238004822754 0.04771147158008304
3.149999999999997 -1.0818093740612795 -0.006259718444030726
3.1999999999999966 -1.081496388139078 -0.060350187147094704
3.2499999999999964 -1.0784788787817232 -0.11442500655404861
3.2999999999999963 -1.0727576284540208 -0.16834895049313478
3.349999999999996 -1.064340180929364 -0.22198683191583582
3.399999999999996 -1.0532408393335722 -0.275203840962304
3.4499999999999957 -1.039480647285457 -0.3278658829289826
3.4999999999999956 -1.023087353139008 -0.37983991529325545
3.5499999999999954 -1.0040953573743452 -0.43099428295020586
3.599999999999995 -0.9825456432268349 -0.4811990508189231
3.649999999999995 -0.9584856906858887 -0.5303263329802649
3.699999999999995 -0.9319693740368755 -0.5782506175145593
3.7499999999999947 -0.9030568431611475 -0.6248490862164031
3.7999999999999945 -0.8718143888503274 -0.6700019283744605
3.8499999999999943 -0.8383142924316044 -0.7135926478169768
3.899999999999994 -0.8026346600407556 -0.755508362438557
3.949999999999994 -0.7648592419188277 -0.7956400954405948
3.999999999999994 -0.725077237146798 -0.8338830575365361
4.049999999999994 -0.6833830842699712 -0.870136919393876
4.099999999999993 -0.6398762383002774 -0.9043060736073746
4.149999999999993 -0.5946609346199087 -0.9362998855223884
4.199999999999993 -0.5478459403437892 -0.9660329322533838
4.249999999999993 -0.49954429373111997 -0.9934252292705733
4.299999999999993 -0.4498730322675913 -1.0184024439571293
4.3499999999999925 -0.3989529100697348 -1.0408960955705089
4.399999999999992 -0.34690810529120936 -1.0608437410739957
4.449999999999992 -0.29386591823750957 -1.0781891463385562
4.499999999999992 -0.23995646092058176 -1.0928824422504317
4.549999999999992 -0.18531233880806017 -1.1048802652964609
4.599999999999992 -0.1300683255432371 -1.114145882236864
4.6499999999999915 -0.07436103143139391 -1.1206492985140257
4.699999999999991 -0.018328566505692624 -1.1243673500855955
4.749999999999991 0.03788980099858715 -1.1252837784108802
4.799999999999991 0.09415398991913117 -1.1233892883609509
4.849999999999991 0.1503234543371787 -1.1186815888649944
4.899999999999991 0.2062575337804284 -1.1111654161481355
4.94999999999999 0.26181580458783515 -1.100852539459114
4.99999999999999 0.31685843156079085 -1.0877617492297222
5.04999999999999 0.37124651902227696 -1.0719188276516827
5.09999999999999 0.42484246040486107 -1.0533565017005688
5.14999999999999 0.4775102854898895 -1.0321143786803257
5.1999999999999895 0.5291160044239058 -1.0082388644058313
5.249999999999989 0.5795279476441973 -0.981783064184636
5.299999999999989 0.6286171008534291 -0.9528066668024261
5.349999999999989 0.6762574341935504 -0.9213758117597546
5.399999999999989 0.7223262247815382 -0.8875629400500771
5.449999999999989 0.766704371784042 -0.8514466288110002
5.4999999999999885 0.8092767032245921 -0.8131114102217981
5.549999999999988 0.849932273735682 -0.7726475750605685
5.599999999999988 0.8885646524887104 -0.7301509613737843
5.649999999999988 0.9250722005573996 -0.6857227287493488
5.699999999999988 0.9593583369948671 -0.6394691187214788
5.749999999999988 0.991331792930941 -0.5915012018717355
5.799999999999987 1.0209068530245278 -0.5419346122251885
5.849999999999987 1.0480035836357873 -0.49088926957396206
5.899999999999987 1.0725480471144855 -0.4384890903921727
5.949999999999987 1.0944725016340942 -0.38486168803644843
5.999999999999987 1.1137155860359165 -0.33013806295474374
6.0499999999999865 1.1302224891836536 -0.27445228365294794
6.099999999999986 1.143945103366301 -0.21794115919376525
6.149999999999986 1.1548421613259894 -0.1607439040254502
6.199999999999986 1.162879356527262 -0.10300179595915071
6.249999999999986 1.1680294463252194 -0.04485782813278761
6.299999999999986 1.170272337731859 0.013543644183473362
6.349999999999985 1.1695951555226853 0.07205726107006631
6.399999999999985 1.1659922924691821 0.1305370188462006
6.449999999999985 1.1594654415268721 0.1888366334696597
6.499999999999985 1.1500236098533891 0.24680990554600332
6.549999999999985 1.137683114576089 0.3043110860386728
6.5999999999999845 1.1224675602741554 0.36119524176747725
6.649999999999984 1.1044077981857816 0.417318619781185
6.699999999999984 1.0835418671967223 0.4725390096904741
6.749999999999984 1.0599149167121986 0.5267161030503102
6.799999999999984 1.033579111559683 0.5797118488859202
6.849999999999984 1.004593519115387 0.6313908044639044
6.8999999999999835 0.9730239788921917 0.6816204804196737
6.949999999999983 0.938942954871208 0.7302716793642833
6.999999999999983 0.9024293709029939 0.7772188271078437
7.049999999999983 0.8635684295476017 0.8223402956529935
7.099999999999983 0.822451414764952 0.8655187171303735
7.149999999999983 0.7791754789084333 0.9066412878686212
7.199999999999982 0.7338434145150022 0.9456000618140429
7.249999999999982 0.6865634114243001 0.982292232539793
7.299999999999982 0.6374487997973104 1.016620403111008
7.349999999999982 0.58661777964176 1.0484928431008735
7.399999999999982 0.5341931374867163 1.0778237320829616
7.4499999999999815 0.48030195088256816 1.1045333889572975
7.499999999999981 0.4250752814347033 1.128548486501426
7.549999999999981 0.368647857109632 1.149802250573161
7.599999999999981 0.31115774458097395 1.1682346434286428
7.649999999999981 0.2527460124095418 1.1837925306576915
7.699999999999981 0.19355638587665724 1.1964298312781687
7.7499999999999805 0.13373489431274882 1.2061076505720016
7.79999999999998 0.07342951178414873 1.212794395287639
7.84999999999998 0.01278979201976678 1.2164658708768463
7.89999999999998 -0.04803350152407554 1.2171053604778346
7.94999999999998 -0.10888876954796728 1.2147036854016309
7.99999999999998 -0.16962395381804882 1.2092592469242325
8.04999999999998 -0.23008691616426044 1.20077804923333
8.09999999999998 -0.29012581862592696 1.1892737034251168
8.14999999999998 -0.3495895037971828 1.1747674124938206
8.199999999999982 -0.4083278744218738 1.1572879373039615
8.249999999999982 -0.46619227128707186 1.1368715435828678
8.299999999999983 -0.5230358484662152 1.1135619300185142
8.349999999999984 -0.5787139449671409 1.0874101375952034
8.399999999999984 -0.6330844518469011 1.0584744403468465
8.449999999999985 -0.6860081738642434 1.0268202177545014
8.499999999999986 -0.7373491847519684 0.9925198090612892
8.549999999999986 -0.7869751752050329 0.9556523498236908
8.599999999999987 -0.8347577926962174 0.9163035910634392
8.649999999999988 -0.8805729722493894 0.8745657014286283
8.699999999999989 -0.9243012573208208 0.8305370528161589
8.74999999999999 -0.9658281099616287 0.7843219899501178
8.79999999999999 -1.0050442094591345 0.7360305844520364
8.84999999999999 -1.0418457386817364 0.6857783739790797
8.899999999999991 -1.0761346573806903 0.6336860870449929
8.949999999999992 -1.10781896173294 0.5798793541759584
8.999999999999993 -1.1368129294417377 0.5244884060893114
9.049999999999994 -1.1630373497462032 0.4676477596172245
9.099999999999994 -1.1864197377270644 0.40949589212991433
9.149999999999995 -1.2068945323335603 0.3501749052435611
9.199999999999996 -1.2244032775957383 0.2898301786268831
9.249999999999996 -1.2388947865270825 0.2286100147470962
9.299999999999997 -1.2503252872644373 0.16666527542074205
9.349999999999998 -1.2586585510354744 0.10414901105752018
9.399999999999999 -1.2638660015883505 0.04121608350574646
9.45 -1.265926805763638 -0.021977216573671063
9.5 -1.2648279449349544 -0.08527355686185296
9.55 -1.2605642670918618 -0.1485149541086007
9.600000000000001 -1.2531385193864317 -0.2115431674631938
9.650000000000002 -1.242561361013272 -0.2742000934325154
9.700000000000003 -1.228851356341646 -0.336328161483179
9.750000000000004 -1.2120349482674873 -0.3977707293002613
9.800000000000004 -1.1921464118024743 -0.4583724767136357
9.850000000000005 -1.1692277879667925 -0.5179797973037594
9.900000000000006 -1.1433287981016045 -0.5764411867020991
9.950000000000006 -1.1145067387664995 -0.6336076266071793
10.000000000000007 -1.0828263574361405 -0.6893329635455042
10.050000000000008 -1.0483597092588652 -0.7434742814173112
10.100000000000009 -1.0111859951879998 -0.7958922668802545
10.15000000000001 -0.9713913818439871 -0.8464515666396545
10.20000000000001 -0.9290688035120044 -0.8950211357318538
10.25000000000001 -0.8843177467254117 -0.9414745759074541
10.300000000000011 -0.837244017930039 -0.9856904632437247
10.350000000000012 -0.7879594947678528 -1.0275526641402266
10.400000000000013 -0.7365818615608415 -1.0669506388786192
10.450000000000014 -0.6832343296169106 -1.1037797319566613
10.500000000000014 -0.6280453430190774 -1.1379414484375068
10.550000000000015 -0.5711482705972021 -1.1693437155884607
10.600000000000016 -0.5126810848177791 -1.1979011291183208
10.650000000000016 -0.45278602836186305 -1.2235351833592099
10.700000000000017 -0.39160926919390254 -1.246174484777303
10.750000000000018 -0.32930054495503736 -1.2657549482369983
10.800000000000018 -0.2660127975431874 -1.28221997548475
10.85000000000002 -0.2019017987689499 -1.2955206153619094
10.90000000000002 -0.1371257680008544 -1.305615705300357
10.95000000000002 -0.07184498273583656 -1.3124719937003997
11.000000000000021 -0.00622138305081657 -1.3160642428371916
11.050000000000022 0.05958182909104301 -1.3163753119897323
11.100000000000023 0.1254005946905296 -1.3133962205351801
11.150000000000023 0.19107040571728862 -1.3071261908006537
11.200000000000024 0.2564267152573213 -1.2975726705147892
11.250000000000025 0.3213053487830608 -1.284751334751923
11.300000000000026 0.38554291552065695 -1.26868606731277
11.350000000000026 0.44897721888629544 -1.2494089215367372
11.400000000000027 0.5114476649631323 -1.2269600605924225
11.450000000000028 0.5727956679927535 -1.2013876773442658
11.500000000000028 0.6328650518599668 -1.172747893944628
11.55000000000003 0.6915024465571982 -1.1411046413516297
11.60000000000003 0.7485576786247796 -1.1065295190237698
11.65000000000003 0.8038841545759681 -1.0691016350925309
11.700000000000031 0.8573392363305946 -1.0289074273637324
11.750000000000032 0.9087846076987812 -0.9860404655472027
11.800000000000033 0.9580866309761413 -0.9406012351622637
11.850000000000033 1.0051166927342545 -0.8926969036134567
11.900000000000034 1.0497515379149274 -0.842441068976744
11.950000000000035 1.0918735913637645 -0.7899534920809976
12.000000000000036 1.1313712659678143 -0.7353598125128094
12.050000000000036 1.1681392565934547 -0.6787912492144186
12.100000000000037 1.2020788190541756 -0.6203842863847459
12.150000000000038 1.233098033373413 -0.5602803454320371
12.200000000000038 1.2611120506450149 -0.4986254437633664
12.250000000000039 1.2860433228331831 -0.4355698412311157
12.30000000000004 1.307821814894739 -0.3712676750894565
12.35000000000004 1.3263851986492117 -0.30587658434471954
12.400000000000041 1.3416790278664477 -0.23955732441225897
12.450000000000042 1.3536568940870606 -0.17247337301893656
12.500000000000043 1.3622805627380075 -0.10479052831458353
12.550000000000043 1.3675200891537367 -0.03667650017768316
12.600000000000044 1.3693539141626208 0.031699504280003676
12.650000000000045 1.3677689389486205 0.10016719998813471
12.700000000000045 1.3627605789492139 0.16855564693556574
12.750000000000046 1.3543327966024357 0.23669367588302642
12.800000000000047 1.3424981128082842 0.3044103157131482
12.850000000000048 1.327277597022627 0.37153522135356243
12.900000000000048 1.3087008359549488 0.4378991012046938
12.950000000000049 1.286805880894714 0.5033341430024412
13.00000000000005 1.261639173744592 0.5676744370471769
13.05000000000005 1.2332554518922332 0.6307563957344064
13.100000000000051 1.2017176321055127 0.6924191683290181
13.150000000000052 1.1670966736890618 0.7525050499342937
13.200000000000053 1.1294714211923471 0.8108598836187467
13.250000000000053 1.0889284270114097 0.8673334546783641
13.300000000000054 1.0455617542774915 0.9217798760289346
13.350000000000055 0.9994727604760448 0.9740579637428092
13.400000000000055 0.9507698622889044 1.0240316017666113
13.450000000000056 0.8995682822005738 1.0715700948810565
13.500000000000057 0.845989777456521 1.1165485089910852
13.550000000000058 0.7901623520069668 1.1588479978639112
13.600000000000058 0.7322199521137712 1.1983561154642597
13.650000000000059 0.6723021463405583 1.2349671130699482
13.70000000000006 0.6105537906870608 1.268582220386976
13.75000000000006 0.547124679667712 1.2991099099213292
13.800000000000061 0.48216918417164556 1.3264661439047147
13.850000000000062 0.41584587697640985 1.350574603113297
13.900000000000063 0.348317146820745 1.3713668969621176
13.950000000000063 0.2797488019726391 1.3887827543031548
14.000000000000064 0.21030966425748138 1.4027701944017867
14.050000000000065 0.14017115453739204 1.4132856776146607
14.100000000000065 0.069506870656659 1.4202942353415304
14.150000000000066 -0.0015078411104175182 1.4237695788743634
14.200000000000067 -0.07269632005413569 1.4236941868188424
14.250000000000068 -0.1438810293950778 1.4200593708161355
14.300000000000068 -0.21488399793588459 1.4128653193463816
14.350000000000069 -0.28552726390320365 1.4021211194495873
14.40000000000007 -0.35563331987568303 1.3878447562544272
14.45000000000007 -0.4250255576884044 1.370063090260643
14.500000000000071 -0.49352871220143657 1.3488118123762227
14.550000000000072 -0.5609693028202477 1.3241353767661508
14.600000000000072 -0.6271760716585553 1.2960869116251383
14.650000000000073 -0.6919804172398122 1.2647281080422106
14.700000000000074 -0.7552168226419227 1.23012908718022
14.750000000000075 -0.8167232770009337 1.1923682460481237
14.800000000000075 -0.8763416893033399 1.151532082198077
14.850000000000076 -0.9339182934132437 1.10771499773291
14.900000000000077 -0.9893040432998892 1.0610190830622477
14.950000000000077 -1.0423549974530015 1.0115538808972533
15.000000000000078 -1.092932691497864 0.9594361310246032
15.050000000000079 -1.1409044980490943 0.9047894964497101
15.10000000000008 -1.18614397287158 0.8477442715472554
15.15000000000008 -1.2285311864489428 0.7884370729036764
15.200000000000081 -1.2679530400941266 0.7270105135812293
15.250000000000082 -1.304303565773188 0.6636128615765229
15.300000000000082 -1.3374842088520142 0.5983976832878635
15.350000000000083 -1.3674040930164075 0.5315234728452628
15.400000000000084 -1.3939802666586707 0.4631532681944424
15.450000000000085 -1.4171379300683928 0.39345425486150887
15.500000000000085 -1.4368106428114682 0.3225973583580892
15.550000000000086 -1.4529405107293727 0.2507568262175158
15.600000000000087 -1.4654783520402486 0.1781098006810472
15.650000000000087 -1.474383842074301 0.10483588307903477
15.700000000000088 -1.4796256362282527 0.031116690975319716
15.750000000000089 -1.4811814707770188 -0.042864590836092925
15.80000000000009 -1.479038241235214 -0.11692366437494386
15.85000000000009 -1.4731920580164668 -0.19087557643670455
15.900000000000091 -1.4636482791946315 -0.2645351793375279
15.950000000000092 -1.450421520227755 -0.3377175932972595
16.000000000000092 -1.433535640562892 -0.4102386693086472
16.050000000000093 -1.4130237070974596 -0.4819154513367918
16.100000000000094 -1.38892793453062 -0.5525666366916648
16.150000000000095 -1.361299602696037 -0.6220130334181958
16.200000000000095 -1.330198951025127 -0.6900780135529977
16.250000000000096 -1.2956950503474771 -0.7565879611042541
16.300000000000097 -1.2578656522922644 -0.8213727136216279
16.350000000000097 -1.216797016611183 -0.8842659962362411
16.400000000000098 -1.172583716799371 -0.9451058470668003
16.4500000000001 -1.1253284244460309 -1.003735032906769
16.5000000000001 -1.0751416728006924 -1.0600014541290705
16.5500000000001 -1.022141600094239 -1.113758537769105
16.6000000000001 -0.9664536732057837 -1.164865617773817
16.6500000000001 -0.9082103923170928 -1.2131883014341063
16.700000000000102 -0.8475509772453874 -1.258598821049961
16.750000000000103 -0.7846210361928894 -1.3009763699122303
16.800000000000104 -0.7195722176972779 -1.3402074217218747
16.850000000000104 -0.6525618466111841 -1.3761860326067386
16.900000000000105 -0.5837525449808472 -1.4088141249372979
16.950000000000106 -0.5133118387339822 -1.4380017521863402
17.000000000000107 -0.44141175112466524 -1.4636673441230392
17.050000000000107 -0.36822838391851326 -1.4857379316792725
17.100000000000108 -0.2939414873345496 -1.5041493508751982
17.15000000000011 -0.2187340197907897 -1.5188464252419256
17.20000000000011 -0.14279169852869344 -1.5297831262314652
17.25000000000011 -0.06630254221712018 -1.5369227111578998
17.30000000000011 0.010543593340774815 -1.5402378382687558
17.35000000000011 0.08755548525421261 -1.539710658601717
17.400000000000112 0.16454101818429848 -1.5353328843390064
17.450000000000113 0.2413076624012488 -1.5271058334297916
17.500000000000114 0.31766295407273837 -1.5150404503097292
17.550000000000114 0.39341497658822483 -1.4991573026060923
17.600000000000115 0.46837284171852944 -1.479486553776681
17.650000000000116 0.5423471694073635 -1.4560679116907547
17.700000000000117 0.6151505649919012 -1.4289505532203866
17.750000000000117 0.6865980926529206 -1.3981930249707915
17.800000000000118 0.7565077439014601 -1.3638631203381455
17.85000000000012 0.8247008999183674 -1.3260377331430724
17.90000000000012 0.891002786575521 -1.284802688147154
17.95000000000012 0.9552429209828787 -1.2402525488183778
18.00000000000012 1.0172555484237975 -1.1924904027692338
18.05000000000012 1.0768800685622593 -1.141627625348044
18.100000000000122 1.1339614498296615 -1.087783621919931
18.150000000000123 1.1883506309256582 -1.0310855494284479
18.200000000000124 1.2399049083970806 -0.971668017882165
18.250000000000124 1.2884883092911887 -0.9096727724623109
18.300000000000125 1.3339719479143044 -0.8452483569977515
18.350000000000126 1.376234365764192 -0.7785497596020362
18.400000000000126 1.4151618537442938 -0.7097380413138266
18.450000000000127 1.4506487558099852 -0.6389799486266119
18.500000000000128 1.4825977532413157 -0.5664475108361127
18.55000000000013 1.5109201287831213 -0.49231762317404687
18.60000000000013 1.5355360099418236 -0.4167716167348908
18.65000000000013 1.5563745907785682 -0.33999481623779965
18.70000000000013 1.5733743315904583 -0.2621760866988712
18.75000000000013 1.586483135925402 -0.1835073701193483
18.800000000000132 1.5956585044313694 -0.10418321332307821
18.850000000000133 1.6008676650975233 -0.024400288101509737
18.900000000000134 1.602087679502599 0.055643095153366434
18.950000000000134 1.5993055247449306 0.13574747912849638
19.000000000000135 1.5925181507885058 0.21571275536574291
19.050000000000136 1.5817325130202187 0.2953386629051682
19.100000000000136 1.5669655798749602 0.3744252885561791
19.150000000000137 1.5482443154471512 0.45277356754992715
19.200000000000138 1.525605637069655 0.5301857833222847
19.25000000000014 1.4990963479035406 0.6064660651757675
19.30000000000014 1.4687730446447522 0.6814208825709446
19.35000000000014 1.434702000516205 0.7548595348031821
19.40000000000014 1.3969590237760459 0.8265946348289924
19.45000000000014 1.3556292920345963 0.8964425860177947
19.500000000000142 1.3108071627337066 0.9642240506195245
19.550000000000143 1.2625959602027303 1.02976440875621
19.600000000000144 1.21110773976492 1.0928942067663465
19.650000000000144 1.1564630294266025 1.1534495937545926
19.700000000000145 1.0987905497388728 1.2112727452259227
19.750000000000146 1.0382269124775767 1.2662122727128664
19.800000000000146 0.9749162988419334 1.3181236183367453
19.850000000000147 0.9090101179250961 1.366869433278842
19.900000000000148 0.8406666462611541 1.412319939175097
19.95000000000015 0.7700506493023992 1.4543532714881546
20.00000000000015 0.6973329857279915 1.4928558039532747
20.05000000000015 0.6226901955303278 1.5277224532396743
20.10000000000015 0.546304072868344 1.5588569630161906
20.15000000000015 0.4683612247175345 1.5861721666596078
20.200000000000152 0.38905261638455413 1.6095902278954846
20.250000000000153 0.3085731049897799 1.6290428587147123
20.300000000000153 0.2271209620540443 1.6444715139642012
20.350000000000154 0.14489738635583424 1.6558275620669034
20.400000000000155 0.06210600825248906 1.6630724313846952
20.450000000000156 -0.021047613316745706 1.6661777317973196
20.500000000000156 -0.1043564999066117 1.6651253511314823
20.550000000000157 -0.1876127674631858 1.6599075261361518
20.600000000000158 -0.2706081437699934 1.6505268877629924
20.65000000000016 -0.3531344881581431 1.6369964805744928
20.70000000000016 -0.4349843121868677 1.6193397561665857
20.75000000000016 -0.515951299995197 1.5975905405572424
20.80000000000016 -0.5958308270230591 1.5717929755574824
20.85000000000016 -0.6744204758009332 1.5420014342063295
20.900000000000162 -0.7515205475112497 1.5082804104162828
20.950000000000163 -0.8269345680320639 1.4707043830407203
21.000000000000163 -0.9004697871840999 1.4293576546391171
21.050000000000164 -0.9719376699160557 1.3843341652799122
21.100000000000165 -1.0411543781800512 1.3357372817841093
21.150000000000166 -1.1079412422692567 1.2836795628751068
21.200000000000166 -1.1721252204130121 1.228282500761644
21.250000000000167 -1.2335393454510943 1.1696762397409934
21.300000000000168 -1.292023157438144 1.1079992724684387
21.35000000000017 -1.347423121061566 1.0433981145965314
21.40000000000017 -1.3995930267913925 0.9760269585434531
21.45000000000017 -1.4483943747185652 0.9060473072038835
21.50000000000017 -1.4936967400787595 0.8336275884679553
21.55000000000017 -1.5353781195021572 0.7589427514640172
21.600000000000172 -1.573325257075358 0.6821738454889094
21.650000000000173 -1.6074339493498035 0.6035075826351415
21.700000000000173 -1.6376093284815607 0.5231358851676513
21.750000000000174 -1.6637661227399432 0.44125541874357327
21.800000000000175 -1.6858288936771217 0.3580671126065761
21.850000000000176 -1.7037322493074505 0.27377566792272
21.900000000000176 -1.7174210327035866 0.1885890554573475
21.950000000000177 -1.726850485476454 0.10271800382216817
22.000000000000178 -1.7319863856675624 0.016375479548345465
22.05000000000018 -1.7328051596449796 -0.07022383973503266
22.10000000000018 -1.729293967658228 -0.15686409771728166
22.15000000000018 -1.7214507627723639 -0.24332879610019306
22.20000000000018 -1.7092843229673542 -0.32940133423881124
22.25000000000018 -1.6928142562554136 -0.414865550387179
22.300000000000182 -1.6720709787360546 -0.4995062631999497
22.350000000000183 -1.6470956655760571 -0.5831098121367524
22.400000000000183 -1.6179401749692195 -0.6654645954155552
22.450000000000184 -1.5846669451984416 -0.7463616041640162
22.500000000000185 -1.547348864990241 -0.8255949514239382
22.550000000000185 -1.506069117419044 -0.9029623946734503
22.600000000000186 -1.4609209976853714 -0.9782658505444025
22.650000000000187 -1.4120077051581512 -1.051311900428671
22.700000000000188 -1.3594421101367176 -1.1219122856865786
22.75000000000019 -1.3033464958523886 -1.1898843911934145
22.80000000000019 -1.2438522762927178 -1.255051715986034
22.85000000000019 -1.1810996904934161 -1.3172443298006697
22.90000000000019 -1.1152374740033826 -1.3762993143253406
22.95000000000019 -1.0464225082871155 -1.4320611880255096
23.000000000000192 -0.9748194488858399 -1.4843823134398655
23.050000000000193 -0.9006003332138467 -1.5331232858841575
23.100000000000193 -0.8239441689196388 -1.5781533025448498
23.150000000000194 -0.7450365037923964 -1.6193505109908317
23.200000000000195 -0.6640689782428548 -1.6566023361804516
23.250000000000195 -0.5812388614338322 -1.6898057850925943
23.300000000000196 -0.4967485721792025 -1.718867728164286
23.350000000000197 -0.4108051857709882 -1.743705156773246
23.400000000000198 -0.32361992793232586 -1.7642454160617955
23.4500000000002 -0.23540765712923606 -1.7804264124584117
23.5000000000002 -0.14638633650631547 -1.7921967953148734
23.5500000000002 -0.056776496740571794 -1.7995161121401893
23.6000000000002 0.03319930886643767 -1.8023549369772178
23.6500000000002 0.12331705571529857 -1.800694971533896
23.700000000000202 0.21335180429199335 -1.7945291187481311
23.750000000000203 0.30307826022939993 -1.7838615285335315
23.800000000000203 0.3922713366560765 -1.7687076155220616
23.850000000000204 0.4807067174321796 -1.7490940486892577
23.900000000000205 0.5681614198666425 -1.7250587128176487
23.950000000000205 0.6544143555075249 -1.6966506418243166
24.000000000000206 0.7392468875987408 -1.6639299240489402
24.050000000000207 0.8224433838011878 -1.6269675796690033
24.100000000000207 0.9037917627846379 -1.585845410478944
24.150000000000208 0.9830840333085851 -1.540655822339712
24.20000000000021 1.0601168244255708 -1.4915016206742828
24.25000000000021 1.134691905459285 -1.4384957794530042
24.30000000000021 1.2066166944319352 -1.38176118418004
24.35000000000021 1.2757047536409372 -1.3214303494584432
24.40000000000021 1.3417762711138592 -1.2576451117763963
24.450000000000212 1.404658526702679 -1.1905562982207032
24.500000000000213 1.4641863416137142 -1.1203233718855692
24.550000000000214 1.5202025102079926 -1.0471140548048834
24.600000000000215 1.5725582129482367 -0.9711039292944837
24.650000000000215 1.621113409412961 -0.8924760186470719
24.700000000000216 1.6657372103453145 -0.811420348176424
24.750000000000217 1.7063082277541357 -0.7281334876591582
24.800000000000217 1.7427149021370936 -0.6428180762714514
24.850000000000218 1.774855805950666 -0.5556823311645966
24.90000000000022 1.8026399225088958 -0.46693954086706335
24.95000000000022 1.825986899552249 -0.37680754474161854
25.00000000000022 1.84482727678933 -0.2855081997640061
25.05000000000022 1.8591026867775302 -0.19326683592453958
25.10000000000022 1.8687660285737573 -0.10031170158566306
25.150000000000222 1.8737816136530405 -0.0068734001569751985
25.200000000000223 1.8741252836608893 0.08681568052567683
25.250000000000224 1.8697844996346054 0.1805219447087213
25.300000000000225 1.8607584023991692 0.2740111696904516
25.350000000000225 1.8470578439146466 0.36704908981041007
25.400000000000226 1.828705389424126 0.4594019820061424
25.450000000000227 1.8057352903238189 0.5508372514773487
25.500000000000227 1.7781934277499514 0.6411240159935396
25.550000000000228 1.7461372269502744 0.7300336873810372
25.60000000000023 1.7096355425812226 0.817340548728551
25.65000000000023 1.668768515144795 0.9028223258576121
25.70000000000023 1.6236273988519145 0.9862607516148518
25.75000000000023 1.5743143612711719 1.0674421215574474
25.80000000000023 1.5209422551932994 1.1461578396210061
25.850000000000232 1.463634363212249 1.222204952380671
25.900000000000233 1.4025241155932155 1.2953866705412835
25.950000000000234 1.3377547820661513 1.3655128763209443
26.000000000000234 1.269479138250104 1.432400615424252
26.050000000000235 1.1978591074788913 1.495874572336757
26.100000000000236 1.1230653788620535 1.5557675277107017
26.150000000000237 1.0452770024765183 1.6119207966538043
26.200000000000237 0.9646809626438281 1.6641846467776302
26.250000000000238 0.8814717303049465 1.7124186949098217
26.30000000000024 0.7958507955594554 1.756492281425069
26.35000000000024 0.708026181488202 1.7962848212030418
26.40000000000024 0.6182119404280498 1.8316861302774519
26.45000000000024 0.5266276339141772 1.8625967272988544
26.50000000000024 0.4334977975492345 1.8889281089945633
26.550000000000242 0.33905139209950635 1.910602998872025
26.600000000000243 0.2435212421559051 1.9275555684770003
26.650000000000244 0.14714346373205506 1.9397316305847956
26.700000000000244 0.05015688220281528 1.9470888037713983
26.750000000000245 -0.047197557985754646 1.949596647881539
26.800000000000246 -0.1446773903798316 1.9472367699822513
26.850000000000247 -0.24203922887894416 1.9400029004632597
26.900000000000247 -0.33903937390210714 1.9279009390193125
26.950000000000248 -0.43543442085307277 1.910948970324207
27.00000000000025 -0.5309818693692832 1.8891772492815535
27.05000000000025 -0.6254407318333608 1.8626281558130893
27.10000000000025 -0.7185721396240152 1.8313561192214212
27.15000000000025 -0.8101399455850863 1.7954275122402203
27.20000000000025 -0.8999113211970973 1.7549205149609661
27.250000000000252 -0.9876573469451456 1.7099249489011112
27.300000000000253 -1.073153594390201 1.6605420815538539
27.350000000000254 -1.1561806984678937 1.6068844018343438
27.400000000000254 -1.236524918559611 1.5490753669109492
27.450000000000255 -1.3139786869051584 1.4872491209829686
27.500000000000256 -1.3883411429543069 1.4215501866377107
27.550000000000257 -1.4594186522861925 1.3521331294899954
27.600000000000257 -1.5270253087606922 1.2791621968756859
27.650000000000258 -1.5909834186044765 1.2028109314376514
27.70000000000026 -1.651123965176359 1.1232617605074275
27.75000000000026 -1.7072870532017304 1.0407055622486097
27.80000000000026 -1.7593223313141608 0.9553412095885232
27.85000000000026 -1.807089391793587 0.8673750930228151
27.90000000000026 -1.8504581464447278 0.7770206234331358
27.950000000000262 -1.8893091776163846 0.6844977161108994
28.000000000000263 -1.9235340634219296 0.5900322572300801
28.050000000000264 -1.9530356762834336 0.4938555540589836
28.100000000000264 -1.9777284539863826 0.39620377024481196
28.150000000000265 -1.9975386424986232 0.2973173475454928
28.200000000000266 -2.012404509875898 0.19744041542056168
28.250000000000266 -2.022276530646926 0.09682018992676678
28.300000000000267 -2.0271175401432644 -0.004293636605579534
28.350000000000268 -2.0269028583129853 -0.10564951361274276
28.40000000000027 -2.021620382632348 -0.20699465652839205
28.45000000000027 -2.0112706498059283 -0.3080756756600095
28.50000000000027 -1.9958668660229277 -0.4086392081503059
28.55000000000027 -1.9754349056154124 -0.5084325514514523
28.60000000000027 -1.9500132780428396 -0.6072042967322229
28.650000000000272 -1.9196530632062285 -0.7047049606343648
28.700000000000273 -1.8844178151745103 -0.8006876137946762
28.750000000000274 -1.8443834344847765 -0.8949085045534018
28.800000000000274 -1.7996380092571065 -0.9871276762776406
28.850000000000275 -1.7502816254432245 -1.077109576740496
28.900000000000276 -1.6964261466061998 -1.1646236580126572
28.950000000000276 -1.638194963705567 -1.2494449653429671
29.000000000000277 -1.5757227154384188 -1.3313547135282455
29.050000000000278 -1.5091549797620065 -1.4101408493001664
29.10000000000028 -1.4386479372969982 -1.4855985982882667
29.15000000000028 -1.364368007382585 -1.5575309951531167
29.20000000000028 -1.2864914576249291 -1.625749395522246
29.25000000000028 -1.2052039878488168 -1.6900739684034924
29.30000000000028 -1.1207002894286422 -1.7503341677959332
29.350000000000282 -1.0331835810388454 -1.8063691822673653
29.400000000000283 -0.9428651219254771 -1.8580283613193076
29.450000000000284 -0.8499637038595117 -1.9051716174155815
29.500000000000284 -0.7547051229887326 -1.947669802608557
29.550000000000285 -0.6573216328583047 -1.9854050587579937
29.600000000000286 -0.558051379920405 -2.018271140400909
29.650000000000286 -0.45713782290035954 -2.046173709396929
29.700000000000287 -0.3548291374305131 -2.069030600541947
29.750000000000288 -0.25137760740341575 -2.0867720574134725
29.80000000000029 -0.1470390045327421 -2.0993409377836434
29.85000000000029 -0.04207195764355992 -2.1066928880102807
29.90000000000029 0.06326268675695412 -2.1087964858924586
29.95000000000029 0.16870251105157708 -2.105633351554611
30.00000000000029 0.27398417862930763 -2.097198226002032
30.050000000000292 0.3788440899294092 -2.0834990170705665
30.100000000000293 0.48301904078293756 -2.064556812574096
30.150000000000293 0.5862468814116424 -2.0404058605349493
30.200000000000294 0.6882671744383899 -2.011093516464367
30.250000000000295 0.7888218502616082 -1.9766801577424475
30.300000000000296 0.8876558581487306 -1.9372390652293672
30.350000000000296 0.984517811410199 -1.8928562723219307
30.400000000000297 1.0791606250262955 -1.8436303817514208
30.450000000000298 1.1713421441138665 -1.789672350500106
30.5000000000003 1.2608257616388718 -1.7311052432944127
30.5500000000003 1.3473810238035924 -1.6680639552124692
30.6000000000003 1.430784221564216 -1.6006949040222895
30.6500000000003 1.5108189667653305 -1.5291556929440788
30.7000000000003 1.5872767514125343 -1.4536147446058123
30.750000000000302 1.659957488642825 -1.3742509070351856
30.800000000000303 1.7286700339945842 -1.2912530326030442
30.850000000000303 1.7932326856247365 -1.204819530903315
30.900000000000304 1.8534736621699022 -1.115157896622078
30.950000000000305 1.909231557001006 -1.022484213513583
31.000000000000306 1.9603557676766852 -0.9270226356635327
31.050000000000306 2.006706899459862 -0.8290048472796985
31.100000000000307 2.048157141823847 -0.7286695023067054
31.150000000000308 2.0845906169391824 -0.626261645215513
31.20000000000031 2.115903699199958 -0.5220321143685538
31.25000000000031 2.1420053049183854 -0.4162369294085559
31.30000000000031 2.162817151388813 -0.30913666416263663
31.35000000000031 2.1782739845969448 -0.200995806593196
31.40000000000031 2.1883237749266047 -0.09208210736334875
31.450000000000312 2.1929278802947723 0.017334081382981495
31.500000000000313 2.1920611762256232 0.12698047539772012
31.550000000000313 2.185712152455737 0.2365835342090013
31.600000000000314 2.173882975745287 0.3458691418317882
31.650000000000315 2.1565895186536976 0.45456329061905254
31.700000000000315 2.133861354122745 0.5623927665517374
31.750000000000316 2.105741715795158 0.6690858342578747
31.800000000000317 2.072287424082264 0.7743729200476326
31.850000000000318 2.0335687780798826 0.8779872912517458
31.90000000000032 1.9896694135172952 0.9796657301557399
31.95000000000032 1.9406861270095082 1.0791492008316046
32.00000000000032 1.886728666967928 1.17618350718208
32.05000000000032 1.827919491608824 1.2705199405304766
32.100000000000314 1.7643934945823 1.3619159151109177
32.15000000000031 1.6962976988267542 1.4501355898400328
32.20000000000031 1.6237909193347526 1.5349504747813705
32.250000000000306 1.5470433955956842 1.616140020748108
32.3000000000003 1.4662363945582788 1.6934921905278921
32.3500000000003 1.3815617850318842 1.766804010255806
32.4000000000003 1.293221584519094 1.8358820995074003
32.450000000000294 1.2014274795437239 1.900543178733355
32.50000000000029 1.106400320607056 1.9606145527105412
32.55000000000029 1.008369592971529 2.015934568740894
32.600000000000286 0.9075728645344844 2.0663530483894705
32.65000000000028 0.8042552121150108 2.111731691616195
32.70000000000028 0.6986686275342011 2.1519444522219455
32.75000000000028 0.5910714049231038 2.1868778835986555
32.800000000000274 0.48172751074317105 2.2164314538448107
32.85000000000027 0.37090593805093053 2.2405178293819694
32.90000000000027 0.25888004658183206 2.259063126284516
32.950000000000266 0.14592689026760625 2.2720071286136077
33.00000000000026 0.03232653383692585 2.279303473126988
33.05000000000026 -0.08163863981942354 2.280919799818834
33.10000000000026 -0.19568462981036527 2.276837867827863
33.150000000000254 -0.30952652320175844 2.267053636337345
33.20000000000025 -0.4228792050186257 2.251577310177257
33.25000000000025 -0.5354580705274885 2.230433349926326
33.300000000000246 -0.6469797380238048 2.2036604463999514
33.35000000000024 -0.7571627603438024 2.171311459498761
33.40000000000024 -0.8657283333187404 2.133453321481571
33.45000000000024 -0.972400999392819 2.090166904815634
33.500000000000234 -1.0769093446336007 2.041546854845993
33.55000000000023 -1.1789866873759003 1.987701387614313
33.60000000000023 -1.278371756756616 1.928752053245518
33.650000000000226 -1.374809359418892 1.8648334654076872
33.70000000000022 -1.4680510326892764 1.7960929974367426
33.75000000000022 -1.5578556825611136 1.7226904458022787
33.80000000000022 -1.6439902048512276 1.644797661674223
33.850000000000215 -1.7262300879349388 1.5625981514316616
33.90000000000021 -1.804359995506522 1.4762866470349145
33.95000000000021 -1.8781743278582677 1.3860686472595884
34.000000000000206 -1.947477760221247 1.2921599308666751
34.0500000000002 -2.0120857567645807 1.1947860428556127
34.1000000000002 -2.0718250589073612 1.0941817550173838
34.1500000000002 -2.1265341466582304 0.9905905020720157
34.200000000000195 -2.176063671761831 0.8842637947391042
34.25000000000019 -2.2202768614987862 0.7754606111510126
34.30000000000019 -2.259049892056337 0.6644467680760733
34.350000000000186 -2.2922722304601404 0.5514942734732564
34.40000000000018 -2.319846944133803 0.4368806619502494
34.45000000000018 -2.3416909772313157 0.3208883147435592
34.50000000000018 -2.3577353929684937 0.20380376588199345
34.550000000000175 -2.3679255812625932 0.08591699623356876
34.60000000000017 -2.3722214310742715 -0.032479282829560904
34.65000000000017 -2.3705974669327934 -0.1510903543832745
34.700000000000166 -2.3630429492136296 -0.2696202277299142
34.75000000000016 -2.3495619378271337 -0.38777237519059565
34.80000000000016 -2.330173319067604 -0.5052504720819524
34.85000000000016 -2.3049107954635066 -0.6217591380353327
34.900000000000155 -2.27382283856174 -0.737004677808508
34.95000000000015 -2.2369726046713145 -0.850695819736595
35.00000000000015 -2.194437813684485 -0.9625444499701608
35.050000000000146 -2.146310591185977 -1.072266340654385
35.10000000000014 -2.0926972741532577 -1.179581870213684
35.15000000000014 -2.0337181806425733 -1.2842167339213468
35.20000000000014 -1.9695073439465058 -1.3859026429534755
35.250000000000135 -1.900212211798832 -1.4843780101508008
35.30000000000013 -1.825993311291292 -1.5793886207407424
35.35000000000013 -1.7470238802542548 -1.670688286305307
35.40000000000013 -1.6634894659389894 -1.7580394803180197
35.450000000000124 -1.5755874919230883 -1.8412139536149692
35.50000000000012 -1.4835267942423398 -1.9199933282111237
35.55000000000012 -1.3875271278317836 -1.9941696679232406
35.600000000000115 -1.2878186444356214 -2.06354602431483
35.65000000000011 -1.18464134321988 -2.127936956536611
35.70000000000011 -1.0782444953930495 -2.1871690236976047
35.75000000000011 -0.9688860442081693 -2.2410812484672573
35.800000000000104 -0.8568319817848064 -2.289525550677666
35.8500000000001 -0.742355704250923 -2.332367149766906
35.9000000000001 -0.6257373467625778 -2.369484934979452
35.950000000000095 -0.5072631000136052 -2.400771802317581
36.00000000000009 -0.38722450989772617 -2.4261349573182613
36.05000000000009 -0.2659177620318131 -2.4454961828131476
36.10000000000009 -0.14364295289115572 -2.4587920709147384
36.150000000000084 -0.0207033493454188 -2.465974218559296
36.20000000000008 0.10259536158254601 -2.467009386026567
36.25000000000008 0.22594583088387438 -2.46187961794744
36.300000000000075 0.3490398117812464 -2.4505823264032465
36.35000000000007 0.4715689281014087 -2.4331303358141843
36.40000000000007 0.5932254448921179 -2.409551889409114
36.45000000000007 0.7137030393625736 -2.379890617164508
36.500000000000064 0.832697570220799 -2.3442054651963793
36.55000000000006 0.9499078434806181 -2.302570586685339
36.60000000000006 1.065036372814885 -2.255075194511308
36.650000000000055 1.1777901325404505 -2.2018233758705636
36.70000000000005 1.2878813013339787 -2.1429338692435413
36.75000000000005 1.3950279947961557 -2.0785398041768426
36.80000000000005 1.498954985004998 -2.008788404437035
36.850000000000044 1.5993944052268496 -1.933840655186785
36.90000000000004 1.6960864379861889 -1.8538709349254425
36.95000000000004 1.788779984732461 -1.769066613026133
37.000000000000036 1.8772333153837677 -1.6796276137895099
37.05000000000003 1.9612146960732433 -1.5857659480203214
37.10000000000003 2.0405029934742593 -1.4877052132166593
37.15000000000003 2.114888254135092 -1.3856800635429463
37.200000000000024 2.1841722573122393 -1.2799356508361917
37.25000000000002 2.248169039854049 -1.1707270379705796
37.30000000000002 2.306705391752578 -1.0583185859778772
37.350000000000016 2.359621321051472 -0.9429833163902483
37.40000000000001 2.4067704868709843 -0.8250022503376747
37.45000000000001 2.448020599387868 -0.7046637259941255
37.50000000000001 2.483253785687574 -0.5822626960247321
37.550000000000004 2.5123669204888106 -0.45810000674035345
37.6 2.5352719208258283 -0.3324816607159129
37.65 2.551896003861624 -0.20571806467462148
37.699999999999996 2.562181907095355 -0.07812326448154028
37.74999999999999 2.566088070319432 0.04998583087322747
37.79999999999999 2.5635887787757707 0.17829023438919908
37.84999999999999 2.5546742670563107 0.30646967332798764
37.899999999999984 2.5393507833899114 0.43420338668080316
37.94999999999998 2.517640614055871 0.5611709258502987
37.99999999999998 2.489582067763356 0.6870529565530923
38.049999999999976 2.4552294199357014 0.8115320599412601
38.09999999999997 2.4146528169386383 0.9342935309380451
38.14999999999997 2.367938140391736 1.0550261717849772
38.19999999999997 2.315186831802487 1.1734230788045639
38.249999999999964 2.256515677862259 1.2891824203946882
38.29999999999996 2.1920565568425245 1.4020082042878013
38.34999999999996 2.1219561466281345 1.5116110321299274
38.399999999999956 2.046375595021638 1.6177088394613341
38.44999999999995 1.9654901530485713 1.720027619212416
38.49999999999995 1.8794887720879505 1.8183021268648445
38.54999999999995 1.7885736657447082 1.912276565469242
38.599999999999945 1.6929598374712462 2.0017052487564775
38.64999999999994 1.5928745750334223 2.08635324063004
38.69999999999994 1.4885569130019203 2.1659969693817107
38.749999999999936 1.3802570645328347 2.240424815031807
38.79999999999993 1.2682358237812443 2.3094376682584485
38.84999999999993 1.1527639403683219 2.3728494594475107
38.89999999999993 1.0341214673959462 2.430487656465927
38.949999999999925 0.9125970845726499 2.482193729835724
38.99999999999992 0.7884873980808637 2.5278235840643566
39.04999999999992 0.6620962188776458 2.5672479539684
39.099999999999916 0.5337338211792257 2.600352764912282
39.14999999999991 0.40371618293361167 2.6270394559712433
39.19999999999991 0.2723642101350495 2.6472252651179238
39.24999999999991 0.14000294687915332 2.6608434756246764
39.299999999999905 0.006960773097919509 2.667843622968634
39.3499999999999 -0.1264314080505122 2.66819166162353
39.3999999999999 -0.2598409911316887 2.6618700912210045
39.449999999999896 -0.3929344956927389 2.64887804166442
39.49999999999989 -0.52537839777596 2.629231316879783
39.54999999999989 -0.6568399636199491 2.602962396990985
39.59999999999989 -0.7869880834694984 2.570120398809988
39.649999999999885 -0.9154941034099978 2.530770994636513
39.69999999999988 -1.0420326531418236 2.484996289466013
39.74999999999988 -1.1662824676151242 2.432894656808922
39.799999999999876 -1.2879272004555704 2.374580533428166
39.84999999999987 -1.4066562271269787 2.3101841734053874
39.89999999999987 -1.522165435797248 2.2398513620490386
39.94999999999987 -1.6341580038997 2.1637430902591763
39.999999999999865 -1.7423451584126588 2.0820351900641914
40.04999999999986 -1.8464469179158685 1.9949179321435584
40.09999999999986 -1.9461928145230463 1.902595586247765
40.14999999999986 -2.0413225938354347 1.8052859455216128
40.199999999999854 -2.1315868911115152 1.703219815829841
40.24999999999985 -2.2167478819030073 1.5966404712742652
40.29999999999985 -2.2965799054667206 1.4858030771791149
40.349999999999845 -2.3708700593256764 1.3709740819057787
40.39999999999984 -2.4394187634209654 1.252430578939495
40.44999999999984 -2.50204029236794 1.1304596407684466
40.49999999999984 -2.5585632744063624 1.0053576261500496
40.549999999999834 -2.608831155713865 0.8774294624297315
40.59999999999983 -2.6527026288353515 0.7469879046440383
40.64999999999983 -2.6900520240675534 0.6143527732022707
40.699999999999825 -2.7207696627276667 0.479850171998893
40.74999999999982 -2.7447621713276114 0.3438116888625097
40.79999999999982 -2.7619527557707366 0.2065735802961291
40.84999999999982 -2.772281434785543 0.06847594250759226
40.899999999999814 -2.7757052319109228 -0.07013812923168491
40.94999999999981 -2.7721983254493385 -0.20892339082723105
40.99999999999981 -2.761752155907977 -0.347533307099698
41.049999999999805 -2.7443754905529922 -0.48562091489509684
41.0999999999998 -2.7200944448082374 -0.6228396894227465
41.1499999999998 -2.6889524603371 -0.7588444116631583
41.1999999999998 -2.651010239753942 -0.8932920346800133
41.249999999999794 -2.606345638019941 -1.0258425466677104
41.29999999999979 -2.5550535106865553 -1.1561598285687074
41.34999999999979 -2.49724551925812 -1.283912504103035
41.399999999999785 -2.433049894052968 -1.408774780065941
41.44999999999978 -2.362611155049671 -1.5304272747685894
41.49999999999978 -2.2860897913112415 -1.648557832521073
41.54999999999978 -2.203661899685188 -1.762862322086635
41.599999999999774 -2.1155187835808564 -1.8730454170708946
41.64999999999977 -2.021866512727312 -1.9788213562499375
41.69999999999977 -1.922925444914815 -2.079914681886303
41.749999999999766 -1.8189297108204998 -2.1760609541320437
41.79999999999976 -1.7101266631138976 -2.2670074396730686
41.84999999999976 -1.596776291130244 -2.3525137728287637
41.89999999999976 -1.479150602488806 -2.432352587385276
41.949999999999754 -1.3575329731195422 -2.506310117509716
41.99999999999975 -1.2322174672440565 -2.574186766165693
42.04999999999975 -1.1035081289357718 -2.635797639527896
42.099999999999746 -0.9717182469593769 -2.6909730459746846
42.14999999999974 -0.8371695946606427 -2.7395589583226534
42.19999999999974 -0.70019164674451 -2.7814174380556853
42.24999999999974 -0.5611207748417257 -2.816427020392911
42.299999999999734 -0.4202994238220802 -2.844483059134997
42.34999999999973 -0.27807527086533035 -2.8654980303261013
42.39999999999973 -0.13480036934902528 -2.8794017938693677
42.449999999999726 0.009169720344443105 -2.886141812336819
42.49999999999972 0.15347681096128407 -2.885683326319597
42.54999999999972 0.2977609772772639 -2.878009485771533
42.59999999999972 0.4416614515658406 -2.8631214369076696
42.649999999999714 0.5848175234112241 -2.8410383643293775
42.69999999999971 0.726869441627693 -2.8117974881588164
42.74999999999971 0.8674593160356338 -2.7754540160774317
42.799999999999706 1.0062320168395054 -2.73208105027565
42.8499999999997 1.142836069353288 -2.681769449433675
42.8999999999997 1.2769245418249717 -2.6246276459660103
42.9499999999997 1.4081559241232722 -2.5607814188747615
42.999999999999694 1.5361949950670102 -2.490373622668598
43.04999999999969 1.66071367620044 -2.4135638729152475
43.09999999999969 1.7813918698462023 -2.3305281891052254
43.149999999999686 1.8979182793014635 -2.241458595612915
43.19999999999968 2.0099912090821093 -2.146562681647842
43.24999999999968 2.1173193431645014 -2.0460631211937366
43.29999999999968 2.2196224992241884 -1.9401971540355114
43.349999999999675 2.316632356925964 -1.829216029074302
43.39999999999967 2.408093158379679 -1.713384411228004
43.44999999999967 2.493762378941079 -1.59297975330902
43.499999999999666 2.57341136660653 -1.468291634361966
43.54999999999966 2.6468259483246284 -1.3396210660316397
43.59999999999966 2.7138070016262104 -1.2072797686154082
43.64999999999966 2.7741709900569806 -1.0715894185340977
43.699999999999655 2.8277504609836854 -0.9328808690312487
43.74999999999965 2.874394504435248 -0.7914933459820643
43.79999999999965 2.913969171734351 -0.647773620760302
43.849999999999646 2.946357852772366 -0.5020751621735844
43.89999999999964 2.971461610881045 -0.3547572695349661
43.94999999999964 2.989199474357793 -0.20618418899091387
43.99999999999964 2.999508683807339 -0.05672421527302421
44.049999999999635 3.00234489457099 0.09325121891734273
44.09999999999963 2.997682333625123 0.24336846364589224
44.14999999999963 2.9855139104428283 0.3932525803271484
44.199999999999626 2.965851281426471 0.5425282758492898
44.24999999999962 2.9387248676340065 0.6908208399206133
44.29999999999962 2.904183825637976 0.8377570833023136
44.34999999999962 2.8622959714728604 0.9829662745842124
44.399999999999615 2.8131476577436496 1.1260810731578554
44.44999999999961 2.756843604085757 1.2667384560450379
44.49999999999961 2.693506681283505 1.4045806362493258
44.549999999999606 2.6232776494710386 1.5392559703135011
44.5999999999996 2.5463148509553637 1.670419852787053
44.6499999999996 2.462793858316011 1.7977355953348213
44.6999999999996 2.3729070785492703 1.920875288250622
44.749999999999595 2.2768633141367394 2.0395206421780854
44.79999999999959 2.174887282027835 2.153363807884922
44.84999999999959 2.067219091633589 2.262108171986314
44.89999999999959 1.9541136830342731 2.3654691265679935
44.949999999999584 1.8358402267058735 2.463174810719707
44.99999999999958 1.7126814861698882 2.5549668220550004
45.04999999999958 1.5849331450671382 2.6406008963634946
45.099999999999575 1.4529031002489634 2.7198475536168516
45.14999999999957 1.316910722568121 2.7924927086293
45.19999999999957 1.177286087136656 2.858338244757706
45.24999999999957 1.0343691748987707 2.917202549114539
45.299999999999564 0.8885090474430437 2.9689210078594774
45.34999999999956 0.7400629970500698 3.0133464602316296
45.39999999999956 0.5893956740384884 3.050349610084133
45.449999999999555 0.4368781935342817 3.0798193937860576
45.49999999999955 0.2828872238449788 3.1016633034627716
45.54999999999955 0.1278040586718402 3.1158076646550206
45.59999999999955 -0.027986324560910852 3.1221978675886124
45.649999999999544 -0.18409621794034148 3.1207985513605667
45.69999999999954 -0.3401361455083698 3.1115937404635496
45.74999999999954 -0.4957158325315473 3.0945869331881313
45.799999999999535 -0.6504451791909538 3.069801141561554
45.84999999999953 -0.8039352362690315 3.0372788826020063
45.89999999999953 -0.9557991803991318 2.9970821207885545
45.94999999999953 -1.1056532864385595 2.949292161768598
45.999999999999524 -1.2531178945269894 2.8940094974466697
46.04999999999952 -1.397818369399323 2.8313536027203203
46.09999999999952 -1.5393860495353389 2.761462684250354
46.149999999999515 -1.6774591837478565 2.684493381773587
46.19999999999951 -1.811683852836536 2.600620422586194
46.24999999999951 -1.9417148739658456 2.5100362299443675
46.29999999999951 -2.067216685463064 2.4129504862460753
46.349999999999504 -2.1878642097753676 2.309589651972922
46.3999999999995 -2.3033436923740136 2.2001964414841537
46.4499999999995 -2.413353514448221 2.085029256865453
46.499999999999496 -2.517604977291494 1.964361581143042
46.54999999999949 -2.615823056348646 1.8384813322784672
46.59999999999949 -2.7077471229625694 1.7076901794610349
46.64999999999949 -2.793131631935621 1.5723028233129064
46.699999999999484 -2.8717467731012665 1.4326462417161254
46.74999999999948 -2.9433790851870727 1.2890589030610622
46.79999999999948 -3.0078320303401256 1.1418899488017085
46.849999999999476 -3.064926527780211 0.9914983472847022
46.89999999999947 -3.114501445144446 0.8382520208956916
46.94999999999947 -3.1564140461892305 0.6825269486384693
46.99999999999947 -3.190540393621154 0.5247062463290078
47.049999999999464 -3.216775705937604 0.36517922664795005
47.09999999999946 -3.2350346672700017 0.20434044135106982
47.14999999999946 -3.245251689337555 0.042588707987569724
47.199999999999456 -3.2473811247369335 -0.11967387647930805
47.24999999999945 -3.241397430912968 -0.28204293271615477
47.29999999999945 -3.2272952842771603 -0.4441128042618032
47.34999999999945 -3.20508964406407 -0.6054775684756613
47.399999999999444 -3.174815765640287 -0.7657320506788647
47.44999999999944 -3.1365291631063434 -0.9244728389608791
47.49999999999944 -3.0903055211582995 -1.0812992971161963
47.549999999999436 -3.0362405563024897 -1.2358145731741113
47.59999999999943 -2.974449827643784 -1.3876266009892357
47.64999999999943 -2.905068497594322 -1.536349092371425
47.69999999999943 -2.828251042975751 -1.681602517251141
47.749999999999424 -2.744170917113194 -1.8230150693999285
47.79999999999942 -2.6530201636431974 -1.9602236152555883
47.84999999999942 -2.555008982880418 -2.092874623437748
47.899999999999416 -2.4503652517085306 -2.220625072581769
47.94999999999941 -2.339333998079442 -2.3431433351671958
47.99999999999941 -2.2221768313210823 -2.460110035071168
48.04999999999941 -2.099171329567524 -2.571218876637222
48.099999999999405 -1.970610385735663 -2.676177443115598
48.1499999999994 -1.836801513579883 -2.774707962402381
48.1999999999994 -1.6980661154597638 -2.8665480380813753
48.249999999999396 -1.5547387135556952 -2.9514513438543633
48.29999999999939 -1.407166146362977 -3.029188279532148
48.34999999999939 -1.2557067323863695 -3.099546586850297
48.39999999999939 -1.1007294030438546 -3.1623319234696154
48.449999999999385 -0.9426128068703739 -3.217368393621808
48.49999999999938 -0.7817443871892834 -3.264499033965327
48.54999999999938 -0.6185194354910171 -3.303586253324791
48.599999999999376 -0.45334012282477754 -3.334512225099342
48.64999999999937 -0.28661451156981044 -3.357179231240581
48.69999999999937 -0.11875555000778137 -3.371509956819071
48.74999999999937 0.0498199478331722 -3.3774477343194604
48.799999999999365 0.21869233454914525 -3.374956736927802
48.84999999999936 0.3874401713955353 -3.3640221202003446
48.89999999999936 0.5556412774055526 -3.344650111630568
48.949999999999356 0.722873782987081 -3.3168680477602903
48.99999999999935 0.8887171853750956 -3.2807243586109363
49.04999999999935 1.0527534033056425 -3.2362884993421814
49.09999999999935 1.2145678282727514 -3.1836508291768992
49.149999999999345 1.3737503697315965 -3.1229224377632616
49.19999999999934 1.5298964916197595 -3.054234919276682
49.24999999999934 1.6826082375835936 -2.9777400946956942
49.299999999999336 1.8314952423183783 -2.8936096828165145
49.34999999999933 1.9761757264592041 -2.8020349207005957
49.39999999999933 2.116277472494234 -2.7032261343776356
49.44999999999933 2.251438779213116 -2.597412260752924
49.499999999999325 2.3813093922507624 -2.484840321792268
49.54999999999932 2.505551408340376 -2.36577485217973
49.59999999999932 2.6238401509493623 -2.2404972817627113
49.64999999999932 2.735865015037498 -2.1093052742152434
49.699999999999314 2.84133027874826 -1.9725120234633684
49.74999999999931 2.9399558799214285 -1.8304455095259553
49.79999999999931 3.031478155397726 -1.683447715529884
49.849999999999305 3.11565054117422 -1.5318738077599976
49.8999999999993 3.19224423156222 -1.3760912807012866
49.9499999999993 3.2610487955972847 -1.2164790691231757
