0 1.0 0.0
0.05 0.99875 0.05
0.1 0.995003125 0.099875
0.15000000000000002 0.9887687421875 0.1495003125
0.2 0.9800624375195313 0.19875187421875
0.25 0.9689059767577637 0.24750655625195314
0.3 0.9553272510541017 0.2956424718945264
0.35 0.9393602072228044 0.34303928135736333
0.39999999999999997 0.9210447628734502 0.3895784926168069
0.44999999999999996 0.9004267066169123 0.43514375764470836
0.49999999999999994 0.8775575835938321 0.4796211632784981
0.5499999999999999 0.8524945666117674 0.5228995160040916
0.6 0.8253003132131732 0.5648706199396748
0.65 0.7960428090315461 0.6054295473254089
0.7000000000000001 0.7647951978273402 0.6444749008428294
0.7500000000000001 0.7316355986285659 0.6819090671081429
0.8000000000000002 0.6966469104332201 0.717638460705686
0.8500000000000002 0.6599166049617914 0.751573758151465
0.9000000000000002 0.6215365079779581 0.7836301212018653
0.9500000000000003 0.58160256972418 0.8137274089492609
1.0000000000000002 0.5402146250460914 0.8417903781742833
1.0500000000000003 0.49747614380538757 0.86774887145387
1.1000000000000003 0.4534939722051703 0.891537992554822
1.1500000000000004 0.40837806567444007 0.913098268674387
1.2000000000000004 0.36224121397952375 0.9323757991222661
1.2500000000000004 0.3151987592496586 0.9493223900723394
1.3000000000000005 0.26736830762166935 0.963895675047232
1.3500000000000005 0.2188694352246259 0.9760592208345064
1.4000000000000006 0.16982338923952087 0.9857826185696945
1.4500000000000006 0.12035278478131703 0.9930415597584584
1.5000000000000007 0.07058129836115991 0.9978178970478262
1.5500000000000007 0.020633358695099892 1.0000996895945744
1.6000000000000008 -0.02936616436769788 0.9998812329173362
1.6500000000000008 -0.07929227201957639 0.9971630731578046
1.7000000000000008 -0.12902014899140596 0.9919520057153786
1.7500000000000009 -0.17842547559075703 0.9842610582586641
1.800000000000001 -0.2273847385011312 0.9741094581563029
1.850000000000001 -0.2757755395652525 0.961522584408551
1.900000000000001 -0.32347690178046073 0.9465319041997776
1.950000000000001 -0.3703695717412178 0.9291748942305048
2.000000000000001 -0.4163363177726218 0.9094949470256558
2.0500000000000007 -0.4612622230095943 0.8875412624532426
2.1000000000000005 -0.5050349726890427 0.8633687247246964
2.1500000000000004 -0.5475451349367686 0.8370377651843384
2.2 -0.5886864343471525 0.8086142112310195
2.25 -0.6283560176716686 0.7781691217496232
2.3 -0.6664547109520055 0.7457786094638527
2.3499999999999996 -0.7028872674549623 0.7115236506544226
2.3999999999999995 -0.7375626057892818 0.6754898827183564
2.4499999999999993 -0.7703940376091281 0.6377673900754943
2.499999999999999 -0.8012994843349515 0.5984504789574435
2.549999999999999 -0.8302016823499375 0.5576374416419991
2.5999999999999988 -0.8570283761590487 0.5154303107224497
2.6499999999999986 -0.8817124990277623 0.4719346040260942
2.6999999999999984 -0.9041923406489065 0.42725906081967346
2.7499999999999982 -0.9244117014184284 0.38151536996120355
2.799999999999998 -0.9423200329344043 0.33481789067783063
2.849999999999998 -0.9578725643680441 0.2872833666677631
2.8999999999999977 -0.9710304143907639 0.2390306342410262
2.9499999999999975 -0.9817606883775067 0.19018032522868672
2.9999999999999973 -0.9900365606433058 0.1408545654032755
3.049999999999997 -0.9958373415074966 0.09117666916435613
3.099999999999997 -0.9991485290179186 0.04127083125252585
3.149999999999997 -0.9999618452057959 -0.008738183737435741
3.1999999999999966 -0.9982752567806586 -0.05872535326805375
3.2499999999999964 -0.9940929802135697 -0.10856570941550162
3.2999999999999963 -0.9874254711959469 -0.15813465128941073
3.349999999999996 -0.9782893985003343 -0.20730825653509632
3.399999999999996 -0.9667076023084707 -0.25596359113944417
3.4499999999999957 -0.9527090371108361 -0.3039790167659434
3.4999999999999956 -0.9363286993204243 -0.35123449485052777
3.5499999999999954 -0.9176075397817114 -0.3976118866979858
3.599999999999995 -0.8965923613935443 -0.4429952488286989
3.649999999999995 -0.8733357021018933 -0.48727112283734025
3.699999999999995 -0.8478957035549876 -0.5303288190388883
3.7499999999999947 -0.8203359657491944 -0.572060693192839
3.7999999999999945 -0.7907253880290283 -0.6123624156138077
3.8499999999999943 -0.7591379968387895 -0.6511332319957418
3.899999999999994 -0.7256527606564538 -0.6882762152976866
3.949999999999994 -0.690353392572477 -0.7236985080613871
3.999999999999994 -0.6533281410070689 -0.7573115545549343
4.049999999999994 -0.6146695690891433 -0.789031322162094
4.099999999999993 -0.5744743232484947 -0.8187785114638486
4.149999999999993 -0.5328428915997249 -0.8464787544869435
4.199999999999993 -0.48987935272195576 -0.8720628006238211
4.249999999999993 -0.44569111546238177 -0.8954666897591391
4.299999999999993 -0.40038865041415184 -0.9166319121700592
4.3499999999999925 -0.3540852137398865 -0.9355055548005543
4.399999999999992 -0.3068965640312714 -0.952040433544048
4.449999999999992 -0.25894067291257816 -0.9661952112036815
4.499999999999992 -0.2103374301116035 -0.9779345008353058
4.549999999999992 -0.1612083437353498 -0.9872289542148418
4.599999999999992 -0.11167623649975775 -0.9940553352088407
4.6499999999999915 -0.061864938672916286 -0.9983965778648175
4.699999999999991 -0.011898978499392532 -1.0002418290761323
4.749999999999991 0.0380967291203797 -0.9995864757147568
4.799999999999991 0.08799719491735097 -0.9964321561640943
4.849999999999991 0.13767766772702889 -0.9907867562230216
4.899999999999991 0.18701394636738922 -0.9826643893913913
4.94999999999999 0.23588269014183105 -0.9720853615862827
4.99999999999999 0.2841617271909183 -0.9590761203772082
5.04999999999999 0.33173035992202826 -0.9436691888671909
5.09999999999999 0.37846966675333316 -0.9259030843850055
5.14999999999999 0.42426279941775474 -0.9058222221918576
5.1999999999999895 0.4689952750836319 -0.8834768044432301
5.249999999999989 0.5125552625618001 -0.8589226946834945
5.299999999999989 0.5548338618835637 -0.83222127818705
5.349999999999989 0.5957253765506183 -0.803439308495138
5.399999999999989 0.6351275777762965 -0.7726487405319882
5.449999999999989 0.6729419600575339 -0.7399265507175083
5.4999999999999885 0.7090739874386275 -0.7053545445262348
5.549999999999988 0.7434333298511245 -0.6690191519736457
5.599999999999988 0.7759340889389937 -0.6310112115411224
5.649999999999988 0.8064950128045154 -0.5914257430797463
5.699999999999988 0.8350396991380258 -0.5503617102606708
5.749999999999988 0.8614967862236912 -0.5079217731659437
5.799999999999987 0.8858001313437973 -0.46421203163830166
5.849999999999987 0.907888976135544 -0.4193417600315639
5.899999999999987 0.9277080984869518 -0.37342313402474725
5.949999999999987 0.9452079505921422 -0.32657095018286875
5.999999999999987 0.9603447828208523 -0.27890233896553307
6.0499999999999865 0.9730807530925103 -0.23053647190078352
6.099999999999986 0.9833840214814369 -0.18159426365628203
6.149999999999986 0.9912288298166599 -0.13219806975263984
6.199999999999986 0.9965955660773413 -0.08247138067461604
6.249999999999986 0.9994708134228294 -0.032538513144905704
6.299999999999986 0.9998473837347603 0.017475700667666898
6.349999999999985 0.9977243355873544 0.06744622522857033
6.399999999999985 0.9931069766009801 0.11724813422640235
6.449999999999985 0.9860068501731034 0.16675692288866836
6.499999999999985 0.9764417066197939 0.2158488192437127
6.549999999999985 0.9644354587999349 0.2644010935506477
6.5999999999999845 0.950018122333076 0.3122923651237062
6.649999999999984 0.9332257405603845 0.35940290578395534
6.699999999999984 0.914100294436292 0.4056149391797446
6.749999999999984 0.8926895975761088 0.45081293522758453
6.799999999999984 0.8690471767219853 0.4948838989373555
6.849999999999984 0.8432321379260568 0.5377176528997831
6.8999999999999835 0.8153090187853131 0.5792071127299613
6.949999999999983 0.7853476270976063 0.6192485547783145
6.999999999999983 0.7534228663421554 0.657741875439722
7.049999999999983 0.719614548420849 0.6945908414125301
7.099999999999983 0.6840071941284906 0.7297033302818069
7.149999999999983 0.646689821850811 0.7629915608253792
7.199999999999982 0.6077557250185044 0.794372312466888
7.249999999999982 0.5673022388736515 0.8237671333272296
7.299999999999982 0.5254304971316144 0.8511025363542531
7.349999999999982 0.48224517914674825 0.8763101830403911
7.399999999999982 0.43785424821401525 0.899327054268928
7.4499999999999815 0.39236868166074723 0.9200956078617926
7.499999999999981 0.34590219340332734 0.9385639224350026
7.549999999999981 0.29857094966239917 0.9546858272021252
7.599999999999981 0.25049327854731496 0.9684210174012425
7.649999999999981 0.20178937423586246 0.9797351550568567
7.699999999999981 0.15258099648882031 0.9885999548248288
7.7499999999999805 0.10299116625055613 0.9949932547057387
7.79999999999998 0.053143858096665546 0.9988990714498843
7.84999999999998 0.0031636902975333073 1.0003076405154052
7.89999999999998 -0.046824386727342765 0.9992154404796376
7.94999999999998 -0.09669540278540048 0.9956252018426709
7.99999999999998 -0.1463246803364947 0.9895459002010976
8.04999999999998 -0.1955881461867477 0.9809927338090214
8.09999999999998 -0.2443626416715338 0.9699870855824227
8.14999999999998 -0.29252623055214105 0.956556469641868
8.199999999999982 -0.33995850385636794 0.9407344625272086
8.249999999999982 -0.38654088090095395 0.9225606192562312
8.299999999999983 -0.4321569057432876 0.9020803744371132
8.349999999999984 -0.47669253832126296 0.8793449286819024
8.399999999999984 -0.5200364395534351 0.8544111206049869
8.449999999999985 -0.5620802496867238 0.8273412847265589
8.499999999999986 -0.6027188591957956 0.7982030956363145
8.549999999999986 -0.6418506715568779 0.7670693988069793
8.599999999999987 -0.6793778572390681 0.7340180284806267
8.649999999999988 -0.7152065982781606 0.6991316130830725
8.699999999999989 -0.7492473228215577 0.6624973686528106
8.74999999999999 -0.7814149290579009 0.6242068808009167
8.79999999999999 -0.8116289979715994 0.5843558757470205
8.84999999999999 -0.8398139943903689 0.5430439810037567
8.899999999999991 -0.8658994558231624 0.5003744763079836
8.949999999999992 -0.889820168616398 0.4564540354214405
8.999999999999993 -0.9115163309880926 0.4113924594463438
9.049999999999994 -0.930933702532317 0.3653024023226312
9.099999999999994 -0.9480237398202106 0.31829908919311206
9.149999999999995 -0.9627437177585536 0.27050002834061015
9.199999999999996 -0.9750568364025003 0.2220247174172567
9.249999999999996 -0.9849323129554407 0.17299434470036013
9.299999999999997 -0.9923454587259926 0.12353148612171264
9.349999999999998 -0.9972777408497294 0.07375979882776086
9.399999999999999 -0.9997168286213419 0.023803712036739685
9.45 -0.9996566243214011 -0.026211884034373342
9.5 -0.9970972784606568 -0.07616195039540044
9.55 -0.9920451894037607 -0.12592161188043904
9.600000000000001 -0.9845129873733554 -0.17536646933577654
9.650000000000002 -0.9745195028745166 -0.2243729106177746
9.700000000000003 -0.9620897196184915 -0.2728184196232282
9.750000000000004 -0.9472547120634203 -0.3205818825796238
9.800000000000004 -0.9300515677281904 -0.3675438908295703
9.850000000000005 -0.9105232944736401 -0.41358703935244284
9.900000000000006 -0.8887187129829057 -0.4585962202769343
9.950000000000006 -0.8646923347097141 -0.5024589106507334
10.000000000000007 -0.8385042255997481 -0.5450654537479057
10.050000000000008 -0.8102198559257828 -0.5863093332107082
10.100000000000009 -0.779909936612003 -0.6260874393404839
10.15000000000001 -0.7476502424566932 -0.6643003268719085
10.20000000000001 -0.7135214226952417 -0.7008524635861533
10.25000000000001 -0.677608799377052 -0.7356524691414327
10.300000000000011 -0.6400021540604197 -0.7686133435238585
10.350000000000012 -0.6007955033586364 -0.7996526845474746
10.400000000000013 -0.5600868638984565 -0.8286928938597221
10.450000000000014 -0.5179780072785305 -0.8556613709373203
10.500000000000014 -0.4745742056404081 -0.8804906945875752
10.550000000000015 -0.42998396848818465 -0.9031187915013612
10.600000000000016 -0.3843187714147408 -0.9234890914363938
10.650000000000016 -0.33769277741276005 -0.9415506686428353
10.700000000000017 -0.2902225514672474 -0.9572583691776698
10.750000000000018 -0.24202676914306664 -0.9705729237895601
10.800000000000018 -0.19322591989602822 -0.9814610460919765
10.85000000000002 -0.14394200584924974 -0.9898955157791629
10.90000000000002 -0.09429823678784813 -0.9958552466769014
10.95000000000002 -0.044418722134476896 -0.9993253394579477
11.000000000000021 0.005571839324230526 -1.0002971188903491
11.050000000000022 0.05554847118462738 -0.9987681555255247
11.100000000000023 0.10538623186706265 -0.9947422717718863
11.150000000000023 0.15496052696983026 -0.9882295323388184
11.200000000000024 0.2041474207551733 -0.9792462190749034
11.250000000000025 0.25282394598862845 -0.9678147902633011
11.300000000000026 0.300868411357112 -0.9539638244760406
11.350000000000026 0.34816070569720275 -0.9377279491275899
11.400000000000027 0.39458259827305053 -0.9191477539063203
11.450000000000028 0.4400180343532157 -0.8982696893002848
11.500000000000028 0.48435342534749776 -0.8751459504709987
11.55000000000003 0.5274779327784112 -0.8498343467655352
11.60000000000003 0.5692837453773785 -0.8223981571931577
11.65000000000003 0.6096663486129024 -0.7929059722277974
11.700000000000031 0.648524785976894 -0.7614315223318675
11.750000000000032 0.6857619113759434 -0.728053493630108
11.800000000000033 0.721284631996553 -0.6928553311942731
11.850000000000033 0.7550041410371712 -0.6559250304304526
11.900000000000034 0.7868361397251964 -0.6173549170905559
11.950000000000035 0.8167010480639086 -0.5772414164579329
12.000000000000036 0.8445242037824611 -0.5356848122841651
12.050000000000036 0.8702360489915574 -0.49278899607968685
12.100000000000037 0.8937723040781748 -0.44866120738500936
12.150000000000038 0.9150741284045967 -0.40341176567186937
12.200000000000038 0.9340882674100072 -0.3571537945445497
12.250000000000039 0.9507671857468927 -0.31000293893086867
12.30000000000004 0.965069186119411 -0.26207707596986046
12.35000000000004 0.9769585135266307 -0.2134960203189276
12.400000000000041 0.9864054446500338 -0.1643812246171974
12.450000000000042 0.9933863621618118 -0.11485547585392421
12.500000000000043 0.9978838137681852 -0.0650425884010162
12.550000000000043 0.9998865558401383 -0.01506709447710567
12.600000000000044 0.999389581522491 0.03494606718299763
12.650000000000045 0.9963941332510375 0.08487186367514343
12.700000000000045 0.9909076996464564 0.13458548050810137
12.750000000000046 0.9829439967927591 0.18396263363978907
12.800000000000047 0.97252293394708 0.2328798801873773
12.850000000000048 0.9596705637665331 0.2812149270344971
12.900000000000048 0.94441901717657 0.32884693656403063
12.950000000000049 0.9268064230436653 0.3756568287521541
13.00000000000005 0.9068768128531516 0.4215275788683972
13.05000000000005 0.8846800106305049 0.4663445100374693
13.100000000000051 0.860271508381282 0.5099955799314477
13.150000000000052 0.8337123273611058 0.5523716608755975
13.200000000000053 0.8050688655225269 0.5933668126675583
13.250000000000053 0.7744127315201417 0.6328785474278502
13.300000000000054 0.741820565688956 0.6708080858195725
13.350000000000055 0.7073738484435481 0.7070606039967459
13.400000000000055 0.6711586965770313 0.7415454706639273
13.450000000000056 0.6332656479690719 0.774176473654449
13.500000000000057 0.5937894352411899 0.8048720354608345
13.550000000000058 0.5528287489252048 0.833555417178568
13.600000000000058 0.5104859907369068 0.860154910353355
13.650000000000059 0.46686701757176646 0.8846040162522587
13.70000000000006 0.4220808768626967 0.9068416121105317
13.75000000000006 0.3762395339614702 0.9268121039385284
13.800000000000061 0.32945759222534 0.9444655655066788
13.850000000000062 0.28185200650864645 0.9597578631610625
13.900000000000063 0.2335417907756813 0.9726507661575435
13.950000000000063 0.18464772056577694 0.9831120422386307
14.000000000000064 0.13529203105445814 0.9911155382141212
14.050000000000065 0.0855981114655032 0.9966412453440765
14.100000000000065 0.03569019659788449 0.9996753493606716
14.150000000000066 -0.014306943761228923 1.000210265003865
14.200000000000067 -0.06426831676093928 0.9982446549845486
14.250000000000068 -0.11406901896874727 0.993783433327771
14.300000000000068 -0.1635845486291334 0.9868377530876739
14.350000000000069 -0.2126911169179467 0.9774249784648575
14.40000000000007 -0.2612659574144651 0.9655686413958792
14.45000000000007 -0.3091876330174474 0.951298382723411
14.500000000000071 -0.356336339537886 0.9346498780941345
14.550000000000072 -0.40259420520947997 0.9156647487696224
14.600000000000072 -0.4478455853680502 0.8943904575731865
14.650000000000073 -0.4919773515632003 0.8708801902328175
14.700000000000074 -0.5348791743794424 0.8451927224168665
14.750000000000075 -0.576443799259736 0.8173922727948733
14.800000000000075 -0.6165673146418802 0.7875483424908929
14.850000000000076 -0.6551494117374197 0.7557355413306852
14.900000000000077 -0.6920936353036156 0.7220334013171509
14.950000000000077 -0.7273076247815524 0.6865261778003237
15.000000000000078 -0.7607033451975354 0.6493026388389956
15.050000000000079 -0.7921973072505245 0.6104558432805701
15.10000000000008 -0.8217107760353873 0.5700829081139431
15.15000000000008 -0.8491699678801617 0.5282847656770313
15.200000000000081 -0.8745062348052357 0.4851659113259269
15.250000000000082 -0.8976562361432966 0.44083414219650774
15.300000000000082 -0.9185620968909992 0.3954002877115973
15.350000000000083 -0.9371715523964743 0.34897793250740783
15.400000000000084 -0.9534380790209582 0.30168313247194983
15.450000000000085 -0.9673210104478898 0.253634124605312
15.500000000000085 -0.9787856393487016 0.20495103142716087
15.550000000000086 -0.9878033041511416 0.15575556067044183
15.600000000000087 -0.9943514606932038 0.1061707010120467
15.650000000000087 -0.998413738583533 0.05632041460112145
15.700000000000088 -0.9999799821274034 0.006329327153693401
15.750000000000089 -0.9990462757159552 -0.043677583611618886
15.80000000000009 -0.9956149536152171 -0.09357530041790213
15.85000000000009 -0.989694594130441 -0.14323907897314062
15.900000000000091 -0.9812999981603389 -0.19254475983094624
15.950000000000092 -0.9704521521948358 -0.2413690787891745
16.000000000000092 -0.9571781758488457 -0.2895899750504298
16.050000000000093 -0.9415112540632334 -0.3370868963740591
16.100000000000094 -0.9234905541424632 -0.3837411004567532
16.150000000000095 -0.9031611278363367 -0.4294359517883054
16.200000000000095 -0.8805737987106195 -0.47405721324038685
16.250000000000096 -0.8557850350881256 -0.5174933316593674
16.300000000000097 -0.8288568088779115 -0.5596357167491994
16.350000000000097 -0.7998564406455025 -0.6003790125471585
16.400000000000098 -0.7688564313114798 -0.6396213608137498
16.4500000000001 -0.7359342808991785 -0.6772646556783065
16.5000000000001 -0.7011722947846291 -0.7132147889036675
16.5500000000001 -0.6646573779331182 -0.7473818851567694
16.6000000000001 -0.6264808176367744 -0.7796805266969793
16.6500000000001 -0.5867380552963388 -0.8100299669204468
16.700000000000102 -0.5455284478176623 -0.8383543322266132
16.750000000000103 -0.5029550192194416 -0.864582811702213
16.800000000000104 -0.45912420307317237 -0.8886498341485572
16.850000000000104 -0.4141455764192202 -0.9104952320095302
16.900000000000105 -0.36813158582421995 -0.9300643917904793
16.950000000000106 -0.32119726626465916 -0.9473083905919522
17.000000000000107 -0.27345995353943675 -0.9621841184169452
17.050000000000107 -0.22503899093036572 -0.9746543859458958
17.100000000000108 -0.1760554308439688 -0.9846880175099817
17.15000000000011 -0.12663173218046192 -0.9922599290302927
17.20000000000011 -0.0768914541865039 -0.9973511907280279
17.25000000000011 -0.026958947557079616 -0.9999490744489431
17.30000000000011 0.02304095644123736 -1.000047085483736
17.35000000000011 0.07298325804845125 -0.9976449788048195
17.400000000000112 0.12274310151054402 -0.9927487596788909
17.450000000000113 0.17219608721886043 -0.9853706686537651
17.500000000000114 0.22121858270912967 -0.9755291509570049
17.550000000000114 0.2696880317426261 -0.9632488103828521
17.600000000000115 0.31748326069676597 -0.9485603477827422
17.650000000000116 0.3644847814991639 -0.9315004843131756
17.700000000000117 0.4105750903478139 -0.9121118696328259
17.750000000000117 0.4556389614705944 -0.8904429752783941
17.800000000000118 0.49956373518969843 -0.8665479734857664
17.85000000000012 0.5422395995708282 -0.8404866017594242
17.90000000000012 0.5835598649530309 -0.8123240135286836
17.95000000000012 0.623421230672851 -0.7821306152641212
18.00000000000012 0.661724043315989 -0.7499818904613985
18.05000000000012 0.698372545850837 -0.7159582109325223
18.100000000000122 0.7332751170210579 -0.6801446358763148
18.150000000000123 0.7663445003987261 -0.6426306992304165
18.200000000000124 0.7974980225253976 -0.6035101858364421
18.250000000000124 0.8266577995957556 -0.5628808969778767
18.300000000000125 0.8537509321671242 -0.5208444058768665
18.350000000000126 0.878709687408075 -0.47750580376116425
18.400000000000126 0.9014716684305055 -0.43297343713605907
18.450000000000127 0.9219799702818599 -0.38735863691811373
18.500000000000128 0.9401833222075096 -0.3407754401078731
18.55000000000013 0.9560362158276404 -0.2933403046973628
18.60000000000013 0.9694990189082022 -0.24517181852510905
18.65000000000013 0.9805380744414935 -0.19639040280654255
18.70000000000013 0.9891257847886811 -0.14711801108095968
18.75000000000013 0.9952406806738969 -0.09747782432767442
18.800000000000132 0.998867474857428 -0.04759394301356998
18.850000000000133 0.9999971003538155 0.002408923158068385
18.900000000000134 0.9986267330993185 0.05240576702181157
18.950000000000134 0.9947597990120732 0.10227159646800024
19.000000000000135 0.9884059654272978 0.1518817469230189
19.050000000000136 0.979581116928954 0.20111219301073002
19.100000000000136 0.9683073156382879 0.24983985861591432
19.150000000000137 0.9546127460585261 0.29794292457455884
19.200000000000138 0.9385316446136179 0.345301133221767
19.25000000000014 0.9201042140571758 0.39179608903592067
19.30000000000014 0.8993765229655907 0.43731155462748456
19.35000000000014 0.8764003905665916 0.48173374133247976
19.40000000000014 0.851233257191176 0.5249515936841438
19.45000000000014 0.8239380406727825 0.5668570670515974
19.500000000000142 0.794582979052707 0.607345397751422
19.550000000000143 0.7632414599849998 0.6463153649568681
19.600000000000144 0.7299918372673301 0.6836695437499221
19.650000000000144 0.694917234956492 0.7193145486836011
19.700000000000145 0.6581053395582628 0.7531612672455712
19.750000000000146 0.6196481808111378 0.7851250826394274
19.800000000000146 0.579641901611985 0.815126085326685
19.850000000000147 0.5381865176588023 0.8430892728006258
19.900000000000148 0.49538566741147255 0.8689447370925651
19.95000000000015 0.4513463529956141 0.892627839541773
20.00000000000015 0.4061786726972666 0.9140793723921266
20.05000000000015 0.35999554571717596 0.9332457068114998
20.10000000000015 0.31291242987279233 0.9500789269638442
20.15000000000015 0.2650470329537267 0.964536949798779
20.200000000000152 0.21651901845227683 0.9765836302592169
20.250000000000153 0.16744970640469625 0.9861888516440067
20.300000000000153 0.11796177009110392 0.9933286008996866
20.350000000000154 0.06817892935228384 0.9979850286531171
20.400000000000155 0.018225641290083035 1.000146493834915
20.450000000000156 -0.03177321087534298 0.9998075927821255
20.500000000000156 -0.08169263001358064 0.9969691727473807
20.550000000000157 -0.13140781757678435 0.9916383297807675
20.600000000000158 -0.1807944855960461 0.9838283909897023
20.65000000000016 -0.22972916740131774 0.9735588812211629
20.70000000000016 -0.2780895262880861 0.9608554742495705
20.75000000000016 -0.3257546613591342 0.9457499285923543
20.80000000000016 -0.3726054097767845 0.9282800081136572
20.85000000000016 -0.41852464466999284 0.9084893876146759
20.900000000000162 -0.4633975679515262 0.8864275436466579
20.950000000000163 -0.5071119973131807 0.8621496308195232
21.000000000000163 -0.5495586466815523 0.8357163439153398
21.050000000000164 -0.59063139943322 0.807193766151368
21.100000000000165 -0.6302275736863046 0.7766532039720178
21.150000000000166 -0.6682481790051734 0.7441710087827376
21.200000000000166 -0.7045981638765294 0.7098283860715005
21.250000000000167 -0.739186653338194 0.6737111923950846
21.300000000000168 -0.7719271761665132 0.635909720737681
21.35000000000017 -0.802737881054416 0.5965184747784332
21.40000000000017 -0.8315417412396828 0.5556359326322394
21.45000000000017 -0.8582667470718505 0.513364300654465
21.50000000000017 -0.8828460860363384 0.4698092579250544
21.55000000000017 -0.9052183097857356 0.4250796920508312
21.600000000000172 -0.9253274877606684 0.3792874269464809
21.650000000000173 -0.9431233470161996 0.33254694327476436
21.700000000000173 -0.9585613979041903 0.28497509224486095
21.750000000000174 -0.9716030452974204 0.23669080348434535
21.800000000000175 -0.982215685077407 0.1878147877151189
21.850000000000176 -0.9903727856447001 0.13846923497660463
21.900000000000176 -0.9960539542478815 0.08877750915064886
21.950000000000177 -0.9992449879654431 0.03886383955181647
22.000000000000178 -0.9999379092130911 -0.011146989645895458
22.05000000000018 -0.9981309856877064 -0.06112995136949265
22.10000000000018 -0.9938287346981024 -0.1109600882146661
22.15000000000018 -0.9870419118717532 -0.1605128248393029
22.20000000000018 -0.9777874842657246 -0.20966427940184143
22.25000000000018 -0.9660885879490316 -0.2582915732658754
22.300000000000182 -0.9519744701624662 -0.3062731381967446
22.350000000000183 -0.9354804162004945 -0.353489020282122
22.400000000000183 -0.9166476611980215 -0.39982117981679405
22.450000000000184 -0.8955232870425536 -0.44515378640192416
22.500000000000185 -0.8721601046694792 -0.48937350852104944
22.550000000000185 -0.8466165220347313 -0.5323697968688721
22.600000000000186 -0.8189563980948964 -0.5740351607245225
22.650000000000187 -0.7892488831598243 -0.6142654366783618
22.700000000000188 -0.7575682460168527 -0.652960049040505
22.75000000000019 -0.7239936882588389 -0.690022261280047
22.80000000000019 -0.688609146280178 -0.7253594178663888
22.85000000000019 -0.6515030814358167 -0.7588831759080648
22.90000000000019 -0.6127682588878658 -0.7905097260099705
22.95000000000019 -0.5725015156926953 -0.8201600017968513
23.000000000000192 -0.530803518708293 -0.84775987757924
23.050000000000193 -0.48777851292712 -0.8732403536676806
23.100000000000193 -0.4435340608636292 -0.896537728871952
23.150000000000194 -0.39818077364797927 -0.9175937597540436
23.200000000000195 -0.35183203449820943 -0.93635580623675
23.250000000000195 -0.3046037152621941 -0.9527769632038645
23.300000000000196 -0.25661388673802327 -0.9668161777629694
23.350000000000197 -0.20798252349700735 -0.9784383518776668
23.400000000000198 -0.15883120394724892 -0.9876144301126701
23.4500000000002 -0.10928280638762237 -0.9943214722723918
23.5000000000002 -0.05946120181202677 -0.9985427107514324
23.5500000000002 -0.009490944231901097 -1.0002675924535944
23.6000000000002 0.040503040708804325 -0.9994918051746224
23.6500000000002 0.09039576804773773 -0.996217288382714
23.700000000000202 0.1400625059665518 -0.9904522283698487
23.750000000000203 0.18937908762044947 -0.9822110377860588
23.800000000000203 0.23822222155529604 -0.9715143196078038
23.850000000000204 0.2864697999362544 -0.9583888156305292
23.900000000000205 0.3340012038173721 -0.9428673396141783
23.950000000000205 0.38069760468894637 -0.924988695248792
24.000000000000206 0.4264422615487983 -0.9047975791452837
24.050000000000207 0.4711208127547782 -0.8823444690939122
24.100000000000207 0.5146215619288711 -0.8576854978698059
24.150000000000208 0.5568357571981418 -0.830882312901025
24.20000000000021 0.5976578630744173 -0.8020019221499917
24.25000000000021 0.6369858242930067 -0.7711165265935833
24.30000000000021 0.6747213209508636 -0.738303339720691
24.35000000000021 0.7107700143063432 -0.7036443944984969
24.40000000000021 0.745041782626057 -0.6672263382900566
24.450000000000212 0.7774509464892058 -0.6291402162358912
24.500000000000213 0.8079164829861314 -0.5894812436411361
24.550000000000214 0.8363622282755917 -0.548348567937278
24.600000000000215 0.8627170679943631 -0.5058450208135769
24.650000000000215 0.8869151150431486 -0.46207686113784174
24.700000000000216 0.9088958743043262 -0.417153509309262
24.750000000000217 0.9286043938797429 -0.3711872737074091
24.800000000000217 0.9459914024704603 -0.3242930699212877
24.850000000000218 0.9610134325550016 -0.2765881334603631
24.90000000000022 0.9736329290581553 -0.22819172666578755
24.95000000000022 0.9838183432386637 -0.17922484055454754
25.00000000000022 0.9915442115610754 -0.12980989234192117
25.05000000000022 0.9967912193545845 -0.08007041939844
25.10000000000022 0.999546249099707 -0.030130770406462712
25.150000000000222 0.9998024132220803 0.019884205511530716
25.200000000000223 0.9975590713113984 0.06984947091574531
25.250000000000224 0.992821831722438 0.11964011264267055
25.300000000000225 0.9856025375541715 0.1691316540879891
25.350000000000225 0.9759192370420195 0.2182003663980877
25.400000000000226 0.9637961384372625 0.2667235777921911
25.450000000000227 0.9492635494864125 0.314579980241814
25.500000000000227 0.9323578016618463 0.36164993274083235
25.550000000000228 0.9131211593331255 0.4078157604079986
25.60000000000023 0.8916017141060719 0.4529620486741449
25.65000000000023 0.8678532645937531 0.49697593181860583
25.70000000000023 0.84193518191995 0.5397473751335202
25.75000000000023 0.813912261291347 0.5811694500106008
25.80000000000023 0.7838545600095156 0.621138601262655
25.850000000000232 0.7518372223276604 0.6595549060115524
25.900000000000233 0.7179402915899861 0.696322323495421
25.950000000000234 0.6822485101233368 0.731348935170551
26.000000000000234 0.6448511073813791 0.7645471745077547
26.050000000000235 0.605841576870968 0.7958340459086889
26.100000000000236 0.5653174424183794 0.8251313321948515
26.150000000000237 0.523380014359745 0.8523657901505268
26.200000000000237 0.4801341362652112 0.8774693336308259
26.250000000000238 0.43568792283001434 0.9003792037770479
26.30000000000024 0.39015248958774246 0.9210381259138274
26.35000000000024 0.34364167512150123 0.9393944527358222
26.40000000000024 0.29627175646745624 0.9554022934259775
26.45000000000024 0.2481611584222426 0.9690216283825678
26.50000000000024 0.19943015748097337 0.9802184092682017
26.550000000000242 0.1502005811460017 0.9889646441306651
26.600000000000243 0.10059550335816503 0.9952384673828019
26.650000000000244 0.05073893681193294 0.9990241944664816
26.700000000000244 0.0007555229236710231 1.0003123610639952
26.750000000000245 -0.04922977977190008 0.9990997467588488
26.800000000000246 -0.09909200801804144 0.9953893830868052
26.850000000000247 -0.1487065062441377 0.9891905459570447
26.900000000000247 -0.19794923820462362 0.9805187324623915
26.950000000000248 -0.24669709706959797 0.9693956221365824
27.00000000000025 -0.29482821319189834 0.9558490227554317
27.05000000000025 -0.3422222587812189 0.9399128008173925
27.10000000000025 -0.38876074872358646 0.9216267968773098
27.15000000000025 -0.43432733679414504 0.9010367259450338
27.20000000000025 -0.47880810652271827 0.8781940631978953
27.250000000000252 -0.5220918559849848 0.853155915292762
27.300000000000253 -0.5640703758072887 0.8259848775993969
27.350000000000254 -0.6046387196900744 0.7967488777120332
27.400000000000254 -0.643695466773635 0.7655210056303894
27.450000000000255 -0.6811429751902615 0.7323793310346697
27.500000000000256 -0.7168876261689123 0.6974067081113633
27.550000000000257 -0.7508400580821408 0.6606905684177785
27.600000000000257 -0.7829153898501641 0.6223227023031492
27.650000000000258 -0.8130334331435618 0.5823990294327621
27.70000000000026 -0.8411188928541007 0.541019358988793
27.75000000000026 -0.8671015553325043 0.49828714014735204
27.80000000000026 -0.8909164639225767 0.4543092034555426
27.85000000000026 -0.9125040813528427 0.40919549375509434
27.90000000000026 -0.9318104385797265 0.3630587953202583
27.950000000000262 -0.9487872697101609 0.3160144498971217
28.000000000000263 -0.9633921326663201 0.26818006834924224
28.050000000000264 -0.9755885152908134 0.21967523663048968
28.100000000000264 -0.9853459266270796 0.1706212168201609
28.150000000000265 -0.9926399731467782 0.12114064396778171
28.200000000000266 -0.9974524197336099 0.07135721950548307
28.250000000000266 -0.9997712352711075 0.02139540199442072
28.300000000000267 -0.9995906227204273 -0.02861990402162768
28.350000000000268 -0.9969110336129461 -0.07856366027762202
28.40000000000027 -0.9917391669214325 -0.12831100738292228
28.45000000000027 -0.9840879523126153 -0.17773757696976528
28.50000000000027 -0.9739765178230165 -0.22671980261418384
28.55000000000027 -0.9614301420388602 -0.2751352287520669
28.60000000000027 -0.9464801908996068 -0.32286281681806983
28.650000000000272 -0.9291640392831043 -0.3697832478420276
28.700000000000273 -0.9095249775683941 -0.4157792207463803
28.750000000000274 -0.8876121034097629 -0.46073574559886704
28.800000000000274 -0.8634801989926073 -0.5045404310873566
28.850000000000275 -0.8371895940779702 -0.5470837654981278
28.900000000000276 -0.8088060151781382 -0.5882593904951536
28.950000000000276 -0.7784004212403608 -0.6279643670159416
29.000000000000277 -0.7460488262494825 -0.6660994326191897
29.050000000000278 -0.7118321091929806 -0.7025692496408898
29.10000000000028 -0.6758358118634962 -0.7372826435384878
29.15000000000028 -0.638149925004353 -0.7701528308272395
29.20000000000028 -0.598868663332699 -0.8010976360389231
29.25000000000028 -0.5580902300027131 -0.8300396971605094
29.30000000000028 -0.5159165710977205 -0.8569066590391944
29.350000000000282 -0.4724531207649836 -0.8816313542702814
29.400000000000283 -0.4278085376303342 -0.9041519711156927
29.450000000000284 -0.382094433151609 -0.9244122080333148
29.500000000000284 -0.3354250925900048 -0.9423614144308536
29.550000000000285 -0.28791718929692556 -0.9579547172923153
29.600000000000286 -0.23968949303060402 -0.9711531333605462
29.650000000000286 -0.19086257303170598 -0.9819236665953758
29.700000000000287 -0.14155849660022865 -0.9902393906637168
29.750000000000288 -0.09190052392725076 -0.9960795162553986
29.80000000000029 -0.04201279994445475 -0.9994294430564419
29.85000000000029 0.007979956038202403 -1.0002807962498441
29.90000000000029 0.05795276213076405 -0.9986314474526217
29.95000000000029 0.10778068631799878 -0.9944855200367677
30.00000000000029 0.15733915878943852 -0.9878533788208218
30.050000000000292 0.20650428336390467 -0.9787516041578238
30.100000000000293 0.2551531472299611 -0.9672029504844313
30.150000000000293 0.30316412822794253 -0.9532362894348276
30.200000000000294 0.35041719890535417 -0.936886537661637
30.250000000000295 0.3967942265855024 -0.9181945695442922
30.300000000000296 0.4421792686991869 -0.8972071150030867
30.350000000000296 0.48645886264112337 -0.8739766426743735
30.400000000000297 0.5295223094264571 -0.8485612287389743
30.450000000000298 0.5712619504382246 -0.8210244117317278
30.5000000000003 0.6115734365738966 -0.7914350336951519
30.5500000000003 0.6503559891181339 -0.7598670680743381
30.6000000000003 0.6875126516895758 -0.7263994347833385
30.6500000000003 0.7229505326317938 -0.6911158029053805
30.7000000000003 0.7565810372424322 -0.6541043815201592
30.750000000000302 0.7883200892599647 -0.6154576991811374
30.800000000000303 0.8180883410543471 -0.5752723725941626
30.850000000000303 0.8458113719960938 -0.5336488650757025
30.900000000000304 0.8714198745078502 -0.4906912353945532
30.950000000000305 0.894849827333337 -0.44650687762491753
31.000000000000306 0.9160426555904904 -0.4012062526612195
31.050000000000306 0.9349453772086675 -0.3549026120658685
31.100000000000307 0.951510735383823 -0.30771171494035277
31.150000000000308 0.965697316720519 -0.25975153852748617
31.20000000000031 0.9774696547654136 -0.21114198326830086
31.25000000000031 0.9867983186733947 -0.1620045730509448
31.30000000000031 0.9936599867846924 -0.11246215140096137
31.35000000000031 0.9980375049290283 -0.06263857437247555
31.40000000000031 0.9999199293110417 -0.012658400908058538
31.450000000000312 0.9993025538697774 0.03735341855862862
31.500000000000313 0.9961869220438387 0.08727185447891922
31.550000000000313 0.9905808229127905 0.13697211076301252
31.600000000000314 0.9824982717244602 0.18632993677019827
31.650000000000315 0.9719594748568188 0.23522193793545854
31.700000000000315 0.9589907793020354 0.28352588425588016
31.750000000000316 0.9436246067989968 0.33112101586566206
31.800000000000317 0.9258993727789608 0.37788834493577983
31.850000000000318 0.9058593903269774 0.42371095314355817
31.90000000000032 0.8835547593991765 0.46847428396847757
31.95000000000032 0.8590412415728776 0.5120664290834758
32.00000000000032 0.8323801206426467 0.5543784081257653
32.05000000000032 0.803638049410809 0.5953044411477405
32.100000000000314 0.7728868830554443 0.6347422130668463
32.15000000000031 0.740203499492441 0.672593129453285
32.20000000000031 0.7056696071807066 0.7087625630160904
32.250000000000306 0.6693715408510205 0.7431600901713556
32.3000000000003 0.6314000456692067 0.7756997171011925
32.3500000000003 0.59185005037322 0.8063000947382764
32.4000000000003 0.5508204299513002 0.8348847221385145
32.450000000000294 0.5084137584545022 0.8613821377334063
32.50000000000029 0.4647360525615679 0.8857260979839647
32.55000000000029 0.4198965065372297 0.9078557429895632
32.600000000000286 0.37400721924654845 0.9277157486376877
32.65000000000028 0.3271829139077508 0.945256464914218
32.70000000000028 0.27954065128418376 0.9604340400284628
32.75000000000028 0.23119953703240628 0.9732105300426364
32.800000000000274 0.18228042393804778 0.9835539937317034
32.85000000000027 0.13290560978384416 0.9914385724364412
32.90000000000027 0.08319853160518094 0.9968445547100878
32.950000000000266 0.03328345709750476 0.9997584255969593
33.00000000000026 -0.016714826052915188 1.0001729004198383
33.05000000000026 -0.06667132213820284 0.9980869429916678
33.10000000000026 -0.116461139918145 0.9935057682060181
33.150000000000254 -0.1659598048482918 0.9864408289998533
33.20000000000025 -0.21504357026631785 0.9769097877211889
33.25000000000025 -0.2635897267586781 0.9649364719732215
33.300000000000246 -0.31147690893414165 0.9505508150453211
33.35000000000024 -0.35858539883726986 0.9337887810798073
33.40000000000024 -0.4047974252433049 0.9146922751615941
33.45000000000024 -0.4499974580862317 0.8933090385554769
33.500000000000234 -0.4940724972839429 0.869692529352971
33.55000000000023 -0.5369123552384443 0.8439017888270827
33.60000000000023 -0.5784099323048495 0.8160012938291266
33.650000000000226 -0.6184614845404925 0.7860607955965977
33.70000000000022 -0.6569668830647845 0.7541551453750773
33.75000000000022 -0.6938298643814144 0.7203641072901192
33.80000000000022 -0.7289582710370908 0.6847721589369359
33.850000000000215 -0.7622642820151744 0.6474682801864102
33.90000000000021 -0.7936646322882202 0.6085457307354185
33.95000000000021 -0.8230808209805454 0.5681018169575882
34.000000000000206 -0.8504393076204192 0.526237648637364
34.0500000000002 -0.875671695991242 0.48305788619554635
34.1000000000002 -0.8987149051220866 0.4386704790382398
34.1500000000002 -0.919511326990126 0.3931863956833377
34.200000000000195 -0.9380089705406902 0.3467193463392272
34.25000000000019 -0.9541615916649027 0.29938549862926866
34.30000000000019 -0.9679288088099528 0.2513031871727369
34.350000000000186 -0.9792762039329781 0.20259261774827336
34.40000000000018 -0.9881754085461709 0.15337556677943912
34.45000000000018 -0.9946041746379983 0.10377507689365627
34.50000000000018 -0.9985464302932308 0.053915149315639274
34.550000000000175 -0.9999923198727301 0.003920433864333182
34.60000000000017 -0.9989382286525476 -0.04608408267163374
34.65000000000017 -0.9953867918607336 -0.09597338900092159
34.700000000000166 -0.989346888089268 -0.14562276185770712
34.75000000000016 -0.9808336170975791 -0.1949080778098484
34.80000000000016 -0.9698682620631462 -0.24370612356746504
34.85000000000016 -0.9564782363735556 -0.291894904016163
34.900000000000155 -0.9406970150930309 -0.3393539472048206
34.95000000000015 -0.9225640512747738 -0.38596460552546613
35.00000000000015 -0.9021246773283297 -0.431610352332298
35.050000000000146 -0.8794299916885647 -0.4761770732582991
35.10000000000014 -0.8545367310695784 -0.5195533515011544
35.15000000000014 -0.8275071286229181 -0.5616307463652569
35.20000000000014 -0.7984087583547005 -0.6023040643634462
35.250000000000135 -0.7673143661905961 -0.641471622200727
35.30000000000013 -0.7343016881110153 -0.6790355009825059
35.35000000000013 -0.6994532558111569 -0.7149017910118285
35.40000000000013 -0.6628561903717707 -0.7489808265636215
35.450000000000124 -0.624601984456455 -0.7811874100490055
35.50000000000012 -0.5847862735799981 -0.811441025009267
35.55000000000012 -0.5435085970195913 -0.8396660374070053
35.600000000000115 -0.5008721489666356 -0.8657918847112261
35.65000000000011 -0.4569835205412632 -0.8897532523036689
35.70000000000011 -0.4119524333145376 -0.9114902367653525
35.75000000000011 -0.36589146500452574 -0.9309484956351226
35.800000000000104 -0.31891576803200256 -0.948079383265805
35.8500000000001 -0.27114278163939937 -0.9628400724383228
35.9000000000001 -0.22269193829269768 -0.9751936614297448
35.950000000000095 -0.17368436510026425 -0.9851092662675925
36.00000000000009 -0.12424258099508015 -0.9925620979397712
36.05000000000009 -0.07449019043740834 -0.9975335243671005
36.10000000000009 -0.02455157440364303 -1.000011116983512
36.150000000000084 0.02544842056613139 -0.9999886818074647
36.20000000000008 0.07538479448449048 -0.9974662749268988
36.25000000000008 0.12513270641663835 -0.9924502023590156
36.300000000000075 0.1745677865827446 -0.9849530042852349
36.35000000000007 0.223566447282394 -0.9749934237007412
36.40000000000007 0.2720061918638374 -0.9625963595569955
36.45000000000007 0.31976592096562123 -0.9477928045143574
36.500000000000064 0.366726235264991 -0.9306197674604334
36.55000000000006 0.41276973397619826 -0.9111201809878583
36.60000000000006 0.45778130835246506 -0.8893427940628136
36.650000000000055 0.5016484294578507 -0.8653420501526118
36.70000000000005 0.5442614294895918 -0.8391779511170285
36.75000000000005 0.5855137759476088 -0.8109159072036527
36.80000000000005 0.6253023379657567 -0.7806265735222677
36.850000000000044 0.6635276441389903 -0.7483856734070771
36.90000000000004 0.7000941312018765 -0.7142738091083687
36.95000000000004 0.7349103829367579 -0.6783762602868894
37.000000000000036 0.7678893587142974 -0.6407827708146928
37.05000000000003 0.7989486110950512 -0.6015873244154596
37.10000000000003 0.8280104919480674 -0.5608879097051878
37.15000000000003 0.8550023465712134 -0.5187862752206529
37.200000000000024 0.8798566953279314 -0.4753876750480664
37.25000000000002 0.9025114023463295 -0.4308006056878597
37.30000000000002 0.9229098308588619 -0.3851365348134334
37.350000000000016 0.9410009847942471 -0.33850962260197354
37.40000000000001 0.9567396362676467 -0.2910364363340087
37.45000000000001 0.9700864386503771 -0.24283565897520887
37.50000000000001 0.9810080249364816 -0.194027792468971
37.550000000000004 0.989477091160245 -0.1447348564815607
37.6 0.9954724646561076 -0.0950800833529465
37.65 0.99897915699033 -0.04518761001594994
37.699999999999996 0.9999884014320766 0.004817832346086501
37.74999999999999 0.998497674870243 0.05481123012725772
37.79999999999999 0.9945107041212338 0.1046675998331108
37.84999999999999 0.9880374566119214 0.15426230053938111
37.899999999999984 0.9790941154610794 0.20347134549430296
37.94999999999998 0.9677030390215846 0.25217171208548905
37.99999999999998 0.9538927049845358 0.3002416493964614
38.049999999999976 0.9376976391850257 0.34756098258394263
38.09999999999997 0.919158329287553 0.394011413314964
38.14999999999997 0.8983211235668614 0.4394768155126979
38.19999999999997 0.8752381150372528 0.4838435256716501
38.249999999999964 0.8499670112200509 0.5270006270164233
38.29999999999996 0.8225709898747989 0.5688402267936553
38.34999999999996 0.79311854105486 0.6092577260039032
38.399999999999956 0.7616832958822839 0.6481520808991412
38.44999999999995 0.7283438424700021 0.6854260555921315
38.49999999999995 0.6931835294515453 0.7209864651461415
38.54999999999995 0.6562902576094596 0.7547444085372861
38.599999999999945 0.6177562601233503 0.7866154909070875
38.64999999999994 0.5776778719869325 0.8165200345496212
38.69999999999994 0.5361552891705474 0.8443832781057807
38.749999999999936 0.49329231813123603 0.8701355634666759
38.79999999999993 0.4491961162965965 0.8937125099189043
38.84999999999993 0.4039769241712155 0.9150551750963355
38.89999999999993 0.35774778973540644 0.9341102023360258
38.949999999999925 0.3106242858252589 0.9508299540698761
38.99999999999992 0.2627242212005482 0.9651726309185518
39.04999999999992 0.21416734602283616 0.977102376189931
39.099999999999916 0.16507505248006699 0.9865893655208354
39.14999999999991 0.11557007130609764 0.9936098814379377
39.19999999999991 0.06577616495386307 0.9981463726514451
39.24999999999991 0.015817818189243833 1.000187497933324
39.299999999999905 -0.03418007312084851 0.9997281544703696
39.3499999999999 -0.08409251424813874 0.9967694906212392
39.3999999999999 -0.1337947240898086 0.9913189030455557
39.449999999999896 -0.18316244712125396 0.9833900182122584
39.49999999999989 -0.23207226403489617 0.9730026583334304
39.54999999999989 -0.28040190028845113 0.9601827918087688
39.59999999999989 -0.328030531791285 0.9449624683045852
39.649999999999885 -0.37483908696464063 0.9273797386296402
39.69999999999988 -0.42071054442058464 0.9074785596081211
39.74999999999988 -0.46553022551547724 0.8853086841875817
39.799999999999876 -0.5091860810465811 0.8609255370565734
39.84999999999987 -0.5515689713750686 0.8343900760829236
39.89999999999987 -0.5925729392751183 0.8057686399190666
39.94999999999987 -0.6320954748269803 0.7751327821554118
39.999999999999865 -0.6700377716917748 0.7425590924363685
40.04999999999986 -0.7063049741273398 0.7081290049862343
40.09999999999986 -0.7408064141275865 0.6719285950236346
40.14999999999986 -0.7734558380925143 0.6340483635734757
40.199999999999854 -0.8041716224622107 0.5945830112143832
40.24999999999985 -0.8328769777757516 0.5536312013272546
40.29999999999985 -0.8595001406448532 0.511295313436808
40.349999999999845 -0.8839745531623426 0.4676811872627693
40.39999999999984 -0.9062390292969262 0.4228978581205737
40.44999999999984 -0.9262379078582675 0.3770572843330766
40.49999999999984 -0.9439211916499631 0.3302740673347469
40.549999999999834 -0.9592446724625339 0.2826651651680803
40.59999999999983 -0.9721700415939483 0.23434960008849354
40.64999999999983 -0.9826649856213777 0.1854481610086855
40.699999999999825 -0.9907032671847538 0.13608310152635575
40.74999999999982 -0.9962647905801679 0.08637783429021012
40.79999999999982 -0.9993356519991317 0.03645662246833896
40.84999999999982 -0.9999081742880975 -0.013555730909703051
40.899999999999814 -0.9979809261413431 -0.0635341949604708
40.94999999999981 -0.9935587256792354 -0.11335382352383738
40.99999999999981 -0.9866526284029297 -0.16289006752839436
41.049999999999805 -0.9772798995556166 -0.21201908636413036
41.0999999999998 -0.9654639709594144 -0.26061805748395606
41.1499999999998 -0.9512343824358137 -0.30856548346007184
41.1999999999998 -0.9346267079561235 -0.35574149572753744
41.249999999999794 -0.915682466706543 -0.40202815425568417
41.29999999999979 -0.894449019290196 -0.4473097423981917
41.34999999999979 -0.8709794493256237 -0.49147305618470377
41.399999999999785 -0.8453324307377372 -0.534407687330754
41.44999999999978 -0.8175720810730065 -0.5760062992584775
41.49999999999978 -0.7877678012055932 -0.6161648954380546
41.54999999999978 -0.7559941018351659 -0.6547830793790368
41.599999999999774 -0.7223304172101507 -0.6917643056215713
41.64999999999977 -0.6868609065421101 -0.7270161211000519
41.69999999999977 -0.6496742436077142 -0.7604503962757823
41.749999999999766 -0.6108633950642991 -0.7919835454608233
41.79999999999976 -0.5705253880332232 -0.8215367357822122
41.84999999999976 -0.5287610675320642 -0.8490360842641456
41.89999999999976 -0.4856748443620751 -0.8744128425354186
41.949999999999754 -0.4413744340811808 -0.8976035687003531
41.99999999999975 -0.3959705877150836 -0.9185502859435367
42.04999999999975 -0.3495768148796986 -0.9372006274718615
42.099999999999746 -0.3023091000071144 -0.9535079674315066
42.14999999999974 -0.2542856123845124 -0.9674315374725729
42.19999999999974 -0.20562641073094914 -0.9789365286699578
42.24999999999974 -0.1564531430505585 -0.9879941785456678
42.299999999999734 -0.10688874251254145 -0.9945818429750137
42.34999999999973 -0.05705712011824306 -0.998683052796922
42.39999999999973 -0.007082854923649053 -1.000287554986838
42.449999999999726 0.04290911740825407 -0.9993913382892868
42.49999999999972 0.09279381694663655 -0.9959966432460126
42.54999999999972 0.14244653194265244 -0.9901119565946233
42.59999999999972 0.1917431306088117 -0.9817519900517474
42.649999999999714 0.24056037144844894 -0.9709376435337421
42.69999999999971 0.2887762113594651 -0.9576959529069025
42.74999999999971 0.3362701107420825 -0.9420600223977956
42.799999999999706 0.3829233348478448 -0.9240689418326943
42.8499999999997 0.4286192506164874 -0.9037676889130112
42.8999999999997 0.47324361825858885 -0.8812070167710455
42.9499999999997 0.5166848768550438 -0.8564433270871523
42.999999999999694 0.5588344232593612 -0.8295385290855412
43.04999999999969 0.5995868836055301 -0.8005598847612162
43.09999999999969 0.6388403767426852 -0.7695798407249882
43.149999999999686 0.6764967689379836 -0.7366758470869477
43.19999999999968 0.712461919210937 -0.7019301638311898
43.24999999999968 0.7466459146858632 -0.665429655165854
43.29999999999968 0.7789632953740746 -0.6272655723626035
43.349999999999675 0.8093332678238508 -0.5875333256284465
43.39999999999967 0.8376799071040675 -0.5463322455802184
43.44999999999967 0.863932346616524 -0.5037653349180398
43.499999999999666 0.8880249552624391 -0.45993901091856604
43.54999999999966 0.9098975015201981 -0.4149628393917959
43.59999999999966 0.9294953040241567 -0.3689492607665462
43.64999999999966 0.9467693682680549 -0.3220133089893802
43.699999999999655 0.9616765090912829 -0.2742723239397407
43.74999999999965 0.9741794586417827 -0.2258456580802519
43.79999999999965 0.9842469595456781 -0.17685437807556242
43.849999999999646 0.9918538430507092 -0.12742096212568405
43.89999999999964 0.9969810919481136 -0.07766899377049147
43.94999999999964 0.9996158881156477 -0.02772285293087267
43.99999999999964 0.9997516445628927 0.02229259504107331
44.049999999999635 0.9973880218987304 0.07225231152541661
44.09999999999963 0.9925309291798213 0.12203139723094636
44.14999999999963 0.9851925091379627 0.17150540444339873
44.199999999999626 0.9753911078232592 0.22055064814474262
44.24999999999962 0.9631512287389975 0.26904451522572465
44.29999999999962 0.9485034715828883 0.3168657710186424
44.34999999999962 0.9314844557478219 0.3638948623840135
44.399999999999615 0.9121367287733859 0.4100142165934246
44.44999999999961 0.8905086599770164 0.4551085352613521
44.49999999999961 0.8666543195307045 0.49906508259112625
44.549999999999606 0.8406333432855657 0.5417739672144226
44.5999999999996 0.8125107836822131 0.5831284169196829
44.6499999999996 0.7823569471196549 0.6230250455826439
44.6999999999996 0.7502472181892975 0.6613641116316484
44.749999999999595 0.716261871213467 0.6980497674015738
44.79999999999959 0.6804858695596028 0.7329902987529952
44.84999999999959 0.6430086532318395 0.766098354357534
44.89999999999959 0.6039239152709968 0.7972911640761791
44.949999999999584 0.5633293675219765 0.8264907458846337
44.99999999999958 0.5213264963541512 0.8536241008283767
45.04999999999958 0.47802030894544056 0.8786233955200488
45.099999999999575 0.43351907076436635 0.9014261317229207
45.14999999999957 0.3879340349063812 0.9219753025964854
45.19999999999957 0.34137916396113005 0.9402195352135588
45.24999999999957 0.2939708451059761 0.9561132189925984
45.299999999999564 0.24582759913805724 0.9696166197241565
45.34999999999956 0.19706978417229323 0.9806959789064041
45.39999999999956 0.14781929474609848 0.9893235981413858
45.449999999999555 0.09819925708303848 0.995477908381014
45.49999999999955 0.04833372127727088 0.9991435238496896
45.54999999999955 -0.0016526488316898832 1.000311280508741
45.59999999999955 -0.05163488731857143 0.9989782589665207
45.649999999999544 -0.10148803858715655 0.995147791776884
45.69999999999954 -0.15108746975927378 0.9888294551078051
45.74999999999954 -0.20030918225699282 0.9800390448009566
45.799999999999535 -0.2490301217990694 0.9687985368821058
45.84999999999953 -0.29712848603664826 0.9551360326210497
45.89999999999953 -0.34448402905913555 0.939085688278441
45.94999999999953 -0.39097836200897496 0.9206876297151362
45.999999999999524 -0.43649524905379194 0.8999878520775435
46.04999999999952 -0.4809208979759745 0.877038104809757
46.09999999999952 -0.5241442446532171 0.851895762279946
46.149999999999515 -0.5660572307188266 0.8246236803444352
46.19999999999951 -0.6065550737076391 0.7952900392080634
46.24999999999951 -0.6455365290121824 0.7639681729736714
46.29999999999951 -0.6829041429941953 0.7307363863068451
46.349999999999504 -0.7185644966187228 0.6956777586742517
46.3999999999995 -0.7524284390017034 0.6588799366449728
46.4499999999995 -0.7844113102871798 0.6204349147740814
46.499999999999496 -0.8144331532969382 0.5804388056162548
46.54999999999949 -0.8424189134234543 0.5389915994443876
46.59999999999949 -0.8682986262664117 0.4961969142739094
46.64999999999949 -0.8920075925437031 0.4521617368177464
46.699999999999484 -0.9134865398396352 0.40699615501953906
46.74999999999948 -0.9326817707859683 0.3608130828337829
46.79999999999948 -0.9495452973053364 0.31372797794094226
46.849999999999476 -0.9640349605814412 0.26585855310324924
46.89999999999947 -0.9761145364560924 0.21732448188279813
46.94999999999947 -0.9857538259896033 0.16824709945764
46.99999999999947 -0.9929287309581402 0.11874909928383778
47.049999999999464 -0.9976213140992818 0.06895422636182597
47.09999999999946 -0.9998198439551752 0.01898696787390959
47.14999999999946 -0.9995188242011807 -0.03102775803369156
47.199999999999456 -0.9967190073866832 -0.08096491454620848
47.24999999999945 -0.991427393053719 -0.1306996587723599
47.29999999999945 -0.9836572102381205 -0.1801076538515804
47.34999999999945 -0.9734278843969266 -0.22906537979617195
47.399999999999444 -0.9607649888447405 -0.2774504422912731
47.44999999999944 -0.9457001808204425 -0.32514187868064603
47.49999999999944 -0.9282711223440934 -0.3720204603733174
47.549999999999436 -0.908521386061884 -0.4179689909150554
47.59999999999943 -0.88650034631452 -0.4628725989795058
47.64999999999943 -0.8622630557013697 -0.5066190255465074
47.69999999999943 -0.835870107448966 -0.5490989045496427
47.749999999999424 -0.8073874839279398 -0.590206036291404
47.79999999999942 -0.7768863916970938 -0.6298376529424368
47.84999999999942 -0.744443083487005 -0.6678946754611134
47.899999999999416 -0.7101386675681988 -0.7042819612911372
47.94999999999941 -0.674058904980472 -0.7389085422179332
47.99999999999941 -0.6362939951302942 -0.7716878517891844
48.04999999999941 -0.5969383502922905 -0.8025379417309626
48.099999999999405 -0.556090359578556 -0.8313816868184134
48.1499999999994 -0.5138521429658752 -0.8581469776888182
48.1999999999994 -0.4703292959957798 -0.8827669011150009
48.249999999999396 -0.4256306257856948 -0.9051799072883961
48.29999999999939 -0.37986787901114566 -0.9253299636935703
48.34999999999939 -0.33315546253906864 -0.9431666951895107
48.39999999999939 -0.28561015741064394 -0.9586455099474772
48.449999999999385 -0.23735082688869263 -0.9717277109305751
48.49999999999938 -0.1884981192995196 -0.9823805926363465
48.54999999999938 -0.13917416641209776 -0.990577522860527
48.599999999999376 -0.08950227810864567 -0.9962980092775563
48.64999999999937 -0.03960663410992196 -0.9995277506713917
48.69999999999937 0.01038802647407655 -1.0002586726885485
48.74999999999937 0.06035671699188987 -0.998488948023984
48.799999999999365 0.11017451571722346 -0.9942230009893596
48.84999999999936 0.159716878153264 -0.9874714964522617
48.89999999999936 0.20885994839392136 -0.9782513131740332
48.949999999999356 0.25748086876359394 -0.9665855016128696
48.99999999999935 0.3054580869613575 -0.9525032262976738
49.04999999999935 0.3526716599417177 -0.9360396929167338
49.09999999999935 0.3990035537722236 -0.917236060303502
49.149999999999345 0.4443379387182989 -0.8961393375395115
49.19999999999934 0.4885614788175785 -0.8728022664316721
49.24999999999934 0.5315636152198141 -0.8472831896577536
49.299999999999336 0.5732368425840002 -0.8196459049096907
49.34999999999933 0.6134769778417263 -0.7899595053993536
49.39999999999933 0.652183420654848 -0.7582982071255181
49.44999999999933 0.6892594049163328 -0.7247411633338688
49.499999999999325 0.7246122406655267 -0.6893722666338848
49.54999999999932 0.7581535458130567 -0.6522799392673162
49.59999999999932 0.7897994670960541 -0.6135569120525792
49.64999999999932 0.8194708897113113 -0.5732999925577108
49.699999999999314 0.8470936351022903 -0.5316098230814481
49.74999999999931 0.8725986464055135 -0.4885906290474818
49.79999999999931 0.895922161092723 -0.44434995844089675
49.849999999999305 0.9170058703772007 -0.3989984129382095
49.8999999999993 0.9357970649857353 -0.35264937140317665
49.9499999999993 0.9522487669318056 -0.3054187064396359
