0 0.14619108272969178
1 0.07651389722821582
2 0.02132704980168322
3 -0.07737283117254046
4 0.008251138583934663
5 -0.19971245799368426
6 -0.02270815341483262
7 -0.08894595915390861
8 -0.05133784459337888
9 -0.0686473939270079
10 0.06980705979974056
11 -0.12258631003502238
12 -0.13934522739273583
13 -0.15997559657361968
14 -0.04193878710606834
15 -0.1367351224537243
16 -0.13858014888789108
17 -0.20372939161202544
18 -0.17955721524641954
19 -0.10914812448735359
20 -0.19728903798778114
21 -0.07453500030343775
22 0.014061664580257628
23 0.0578799886234
24 0.13316902519485707
25 0.05831661534968138
26 0.041424833518034915
27 -0.046936898917084774
28 -0.06635313619171773
29 -0.011985830566109218
30 -0.07303671516477611
31 -0.10144086106533647
32 -0.15314231796956676
33 -0.21389659390749485
34 -0.2529190862920591
35 -0.2287669915655543
36 -0.3064482237861739
37 -0.2547059886040183
38 -0.07985319380372809
39 -0.005083899971395071
40 -0.021840709686800908
41 -0.09954324548575608
42 -0.15683316737475586
43 0.011171063455216923
44 0.014626655039537837
45 -0.044165618655657754
46 -0.022566663170020037
47 0.16871296543007777
48 0.16265597461041661
49 0.2019386570230427
50 0.2087601201167629
51 0.15618162192066992
52 0.03773682190661031
53 0.002522294698790306
54 -0.016530415774818757
55 0.037918713009060905
56 0.10963534895686028
57 0.18247100137849442
58 0.18992676051352828
59 0.250596789246541
60 0.15764129563218815
61 0.25463530003996526
62 0.27533545387358954
63 0.22097355332698618
64 0.24284283118266228
65 0.21175709389250105
66 0.29242802937387935
67 0.39996873991448934
68 0.556673652511025
69 0.3753216170659901
70 0.20781921287072802
71 0.1416353639184746
72 0.14187516377693185
73 0.2065428502996989
74 0.2142957105214735
75 0.010868030045165861
76 -0.01777713409590419
77 0.058518297148338394
78 0.07337499361629907
79 0.1346185004827514
80 0.10114711759954392
81 0.07296417963588976
82 0.08245828686124637
83 0.1111171064238648
84 0.11785237059288758
85 0.11677791165627012
86 0.04474051472463035
87 0.07424720402105006
88 0.07778639800817438
89 0.1716613099194297
90 0.26239778811862235
91 0.25282208688031504
92 0.19376423268417325
93 0.1169020727448759
94 0.14332635733615848
95 0.13595432775391297
96 0.09141206417712487
97 0.08619457487449461
98 0.021775041431713514
99 0.08242042035504185
100 0.03393680748879783
101 0.14074882017241294
102 0.16298818591634365
103 0.2001114344160453
104 0.081558224857747
105 0.08864682134725242
106 0.14643221981119192
107 0.045955943667358605
108 0.01740068376029676
109 0.018595924586669355
110 -0.10684422669420561
111 -0.0677954587409788
112 0.015138545415772097
113 -0.06373174380068389
114 -0.02580943134084584
115 -0.14133399521813012
116 -0.13068319153026173
117 -0.26303438430053205
118 -0.13580335212926908
119 -0.08542196850202767
120 -0.07909529768064495
121 -0.1409503136378048
122 -0.01221724855973442
123 0.16604363372916517
124 -0.017779097443959044
125 0.0952535750411907
126 0.2322167853204732
127 0.23941615948012873
128 0.1075404206219491
129 0.17448745713871613
130 0.14075588423781096
131 0.0723274393126367
132 -0.04561053682865353
133 0.008498891492071212
134 0.07900162027560538
135 0.014983692576863595
136 0.06033719365578061
137 -0.0486872507758803
138 0.028348967170128764
139 0.02970512731128899
140 0.0099433351084987
141 -0.00020812692997423872
142 0.0780124398935513
143 0.13774824349204692
144 0.17162529833458606
145 0.16685587740089222
146 0.15717419117294654
147 0.1971109956355191
148 0.1983244063980536
149 0.23992159237605187
150 0.18801892352182129
151 -0.049918367600003344
152 0.04856768332734426
153 0.24053908322229303
154 0.25620797482123614
155 0.22157320634359753
156 0.1871358587585948
157 0.1577073959830024
158 0.14350350313170257
159 0.028171467231312353
160 -0.021184180704639396
161 -0.10879817712269914
162 -0.07552643488552988
163 -0.09467149511035453
164 -0.04063532644130263
165 -0.05229507817399746
166 0.04170459654731408
167 0.056752188012772445
168 0.24823994481877124
169 0.052743467276695766
170 -0.010753381393915538
171 0.07145577699386002
172 0.2918595129070498
173 0.2402964316219534
174 0.2201969978458131
175 0.1778090162350073
176 0.2798592547443899
177 0.2260156215571092
178 0.2646203449904277
179 0.2093761665905045
180 0.07390826195931456
181 0.09473673060509201
182 0.13054969075376216
183 0.2338850511062895
184 0.20055631361810206
185 0.12493809652217937
186 0.1630927855656738
187 0.16844984531050233
188 0.17686471772048962
189 0.15259810261118564
190 0.24176876364950636
191 0.25084623175837084
192 0.39718089233322207
193 0.45745790597034525
194 0.47102659702232963
195 0.2774544866646335
196 0.30391777322477675
197 0.31135139423053443
198 0.353201905359801
199 0.4118815033474742
200 0.3346143157517234
201 0.37531338983708773
202 0.28717456206166087
203 0.4343961326063079
204 0.2710808693591248
205 0.0855108119873218
206 -0.0716051831355794
207 -0.14459466739669583
208 -0.23085558652740173
209 -0.03172292654133379
210 -0.05793558871423699
211 -0.17298285088678253
212 -0.055390097887923005
213 -0.10263824259307402
214 -0.2036912222224924
215 -0.10449659651180619
216 -0.03794434096860262
217 -0.07329600833771285
218 0.060712192517769006
219 0.0662601154399574
220 0.20515956779311867
221 0.22989029039379816
222 0.34719376001020574
223 0.3223206266874737
224 0.18031156829061337
225 0.3827235898770778
226 0.2953315557709389
227 0.24790299253384426
228 0.16007682783754693
229 0.12576364464698198
230 0.13502752987964528
231 0.1396894929903411
232 0.18521236957518938
233 0.3279853714254715
234 0.2843450228219587
235 0.14492965434958444
236 0.02402805752875896
237 -0.03829265486203833
238 -0.1851410120615384
239 -0.09237422665587583
240 -0.12797602471708527
241 -0.14316707029263334
242 -0.12902059671879035
243 -0.2418143752605002
244 -0.295151410204294
245 -0.20491223187194707
246 -0.128752486913986
247 -0.1557627119856448
248 0.022761701484210774
249 -0.09702989169440668
250 -0.11837575143891416
251 -0.127313753177215
252 -0.3659600278726821
253 -0.15498643185996672
254 -0.10651790736536479
255 -0.18987916100052957
256 0.013714364956693407
257 0.0650525084765385
258 0.09720461023086145
259 0.03285429336977116
260 0.039128909195963645
261 -0.10209521018427492
262 -0.020333340667611395
263 -0.05199945529674011
264 -0.03473517207715002
265 0.07692328272853852
266 0.09485828443209987
267 0.10899452608058406
268 0.12298001090652219
269 0.04468756546529182
270 0.11545923366784683
271 0.24281563027346573
272 0.28682657665493294
273 0.3377857122912791
274 0.22505180435951427
275 0.12444577386499955
276 -0.017677645707766004
277 0.09499289523756985
278 0.06261741762914971
279 0.18234163068952347
280 0.09373541617875907
281 0.04498606610631087
282 0.049075717342892976
283 0.1270986517879597
284 0.11985630423111934
285 0.12687190175870192
286 0.11567219264033712
287 0.12005186820113983
288 0.007564379771398846
289 0.014091380881854037
290 -0.004109866622363332
291 -0.008813083239853256
292 0.03637851511843047
293 -0.0285203690842123
294 -0.03327405464220776
295 -0.05670921862760231
296 -0.013481116317104448
297 0.058496353906009046
298 -0.03334155509822388
299 0.022724539210833915
300 0.20637258410944562
301 0.05333120237356482
302 -0.026717388442151917
303 -0.10329763358391211
304 -0.11808666516441702
305 0.0397784190878848
306 0.037002318050342216
307 -0.02922033733054237
308 0.029664011790013385
309 -0.027284797185364223
310 0.07655077711514638
311 0.09636973302559271
312 0.2117229053963576
313 0.13102963297295017
314 0.39070380978913793
315 0.4258460450632353
316 0.44217365428971483
317 0.3933493285760536
318 0.2887106549963498
319 0.18174040851059167
320 0.15132840831047947
321 0.06444128678504984
322 0.08343797220890269
323 0.0007454061217535987
324 0.056568308585089
325 0.1369624310978028
326 0.05974054232181696
327 0.16110823418755768
328 0.12358263655110549
329 0.2152002826439352
330 0.2331152256357531
331 0.3108132520213161
332 0.19000014522151307
333 0.1613886718892315
334 0.27587843815349256
335 0.1926672780468012
336 -0.009947560069150475
337 -0.18378583039511645
338 -0.39098690609645037
339 -0.5421629684593197
340 -0.5249941963003512
341 -0.35742724921456104
342 -0.3614851594492905
343 -0.29621918168023254
344 -0.2764964976269339
345 -0.24807744277499827
346 -0.2384075940745229
347 -0.23024306565478977
348 -0.16571399009137922
349 -0.25498103151195967
350 -0.1385714824006385
351 -0.041912720168275956
352 -0.05527660883027947
353 0.02273646023364482
354 -0.04265818415286558
355 -0.08674243788635948
356 -0.06400444757341603
357 -0.07472389507371197
358 -0.10763792850678683
359 -0.1573944591469018
360 -0.1918295381929555
361 -0.08812139739597605
362 -0.25420836416653025
363 -0.19706303495663727
364 -0.19863605712414234
365 -0.1132692364117597
366 -0.05558568754304082
367 -0.3004552208774998
368 -0.21779150384678148
369 -0.16682767155174544
370 -0.14817724910018118
371 -0.17554016765517327
372 -0.08119084091364993
373 -0.11024439469627784
374 0.06590463117182176
375 0.11010862504912781
376 0.2915022886137685
377 0.19165400002957042
378 0.014455292405656711
379 0.07734082693881443
380 0.14635010980020877
381 0.13489750755511606
382 -0.017083635317413432
383 -0.05568583841012276
384 0.005501443483719646
385 -0.0116245701734894
386 -0.020900779848656122
387 -0.034602009043348245
388 -0.11519412714539855
389 -0.15164654377838263
390 -0.26487187724739225
391 -0.07926829417466065
392 -0.11412502351961296
393 -0.059727604804071494
394 -0.1457245793413822
395 -0.05964457984314656
396 -0.22226460984600904
397 -0.11718278823646207
398 -0.10864762265189984
399 0.09217159443735402
400 -0.03463363156234305
401 -0.024296025191745466
402 0.01118444057697691
403 0.12102692383314057
404 0.07086710492465673
405 0.07156219101937691
406 -0.12841603369952395
407 -0.1902896280916153
408 -0.13061522973248202
409 -0.018178017391944593
410 -0.04171647986865529
411 0.14752716520605666
412 0.2911968790658694
413 0.2566184668995496
414 0.01374135010395372
415 -0.14761375872898053
416 -0.2028596772525496
417 -0.08214800981411946
418 -0.04600870293216846
419 -0.22989013609900472
420 -0.22749004708741888
421 -0.05953851866799659
422 -0.08731708865843568
423 -0.1460826453474021
424 0.053441788413968544
425 0.052904467884423004
426 0.00448988220523351
427 0.03555593827925526
428 0.03354516982499771
429 -0.008432152198660503
430 0.10117213259088222
431 0.19146808158239775
432 0.24799881365685733
433 0.2139390827095532
434 0.29576620831455136
435 0.2617163553588154
436 0.2775426138735295
437 0.34282017060073167
438 0.3813341459645699
439 0.5042786528566773
440 0.49446634901462494
441 0.2934543153850211
442 0.15969357439811413
443 0.26523383063965805
444 0.2088949622817557
445 0.22279398911555834
446 0.12388358111622809
447 0.2015745511358324
448 0.14678219362729802
449 0.263333715739425
450 0.1890992822846465
451 0.2708213597607745
452 0.30443487321857526
453 0.20897611440944416
454 0.2869881729157459
455 0.17714225148133148
456 0.08540597933181567
457 0.14181939768877644
458 0.07135667778795987
459 0.010775133956258013
460 -0.021253443268303106
461 -0.10914332602999921
462 -0.004179496556348514
463 0.051004775962922806
464 0.039664715664487066
465 0.025942958052419775
466 0.0638626583962239
467 0.21635655160331796
468 0.273108178670888
469 0.20003621871901311
470 0.25000032531950944
471 0.21431088729828046
472 0.17496996202611723
473 0.3254553895871968
474 0.255205439837446
475 0.18655825349223487
476 -0.007787047709059558
477 -0.13321796602893593
478 -0.07929510493992846
479 -0.13390847555260713
480 -0.07413038583685472
481 -0.16705574196610357
482 -0.21940805213934933
483 -0.13675588329937408
484 0.008400019272240353
485 0.060882569473178105
486 0.1625990882807729
487 0.2997526548762123
488 0.3633854131724596
489 0.24438726840821126
490 0.21046751744171133
491 0.24613837605918218
492 0.18418831733732277
493 0.20644462896250057
494 0.04367610038074862
495 -0.03526802775440277
496 0.01585795212370317
497 -0.18706562908878951
498 -0.2680531913855203
499 -0.24284252085888106
500 -0.37330377148875005
501 -0.3308325046924867
502 -0.3697085283854964
503 -0.3589811891420217
504 -0.34639152703386744
505 -0.29471598655020154
506 -0.31598537400758864
507 -0.27631505994779665
508 -0.3027876660114615
509 -0.22246228350335068
510 -0.04777323495708831
511 -0.02527763132885325
512 -0.007461635214686471
513 -0.11147618909772603
514 -0.03792560987851881
515 -0.10235910846072784
516 -0.16491944529714664
517 -0.09825795001020897
518 -0.0721386680169797
519 0.03472098937013388
520 0.1611078139977883
521 0.09642569199978515
522 0.09833705191384162
523 0.24694071324423647
524 0.309235174440428
525 0.34248607152367944
526 0.42579601023350183
527 0.3288021419853578
528 0.3532144346341388
529 0.4447257962134856
530 0.5461353222980944
531 0.4189651565038848
532 0.3544179621666681
533 0.35342053158519404
534 0.2920687175557912
535 0.22759838421748776
536 0.26639866533211476
537 0.20795190034087196
538 0.026244550098810347
539 0.05618635351449046
540 0.01236336701165794
541 -0.05471075804523786
542 -0.19015611579974556
543 -0.07989648219231751
544 -0.27234697083958703
545 -0.398052298180635
546 -0.38307321399307437
547 -0.23415988988520417
548 -0.09287036938524494
549 -0.18753176959036325
550 -0.1847654902698465
551 -0.30223001500074304
552 -0.18099837776092698
553 -0.2957891794316505
554 -0.2790978785391368
555 -0.15821955057974552
556 -0.16241485808946274
557 -0.013858941336199849
558 -0.09077378728975655
559 -0.04846926630156226
560 0.033173057052729965
561 0.017281695607760446
562 0.1403218098291531
563 0.17562129146817518
564 0.010688698950606892
565 0.3658940724189629
566 0.38768259314522663
567 0.358575230274827
568 0.19682455356736145
569 0.1845012019031308
570 0.12465622693715586
571 0.1701824341861693
572 0.18661451697662024
573 0.3347239189352023
574 0.3140541505690507
575 0.3288642287111149
576 0.32949892247603324
577 0.2831849479530845
578 0.23836043539897392
579 0.31361441009923985
580 0.3524554112697925
581 0.2605601257779731
582 0.13429486393260667
583 0.11479847529412912
584 0.20784822611541165
585 0.18458575873975247
586 0.32330634089629473
587 0.2212193809700561
588 0.21184509126297296
589 -0.03580676535024174
590 -0.08583619809714368
591 -0.10507349696519691
592 -0.04858174756438918
593 0.11023599267245193
594 0.10235731644794335
595 0.2229741671479426
596 0.26022804731508675
597 0.32297693880266387
598 0.24872530780806398
599 0.3485019979556351
600 0.21708501307602351
601 0.23994078677644964
602 0.13026111903524137
603 0.0706019074158293
604 -0.0679846077507432
605 -0.10765745875381089
606 -0.0652911921924429
607 -0.06495141465027607
608 -0.1797551178980782
609 -0.029413019006047154
610 0.003878167342318834
611 0.09421623958490563
612 0.155465038393537
613 0.0800804355271341
614 -0.10298183430066284
615 -0.17507184401145012
616 -0.04730063317571433
617 -0.13738971649117127
618 -0.05020681325288866
619 -0.10030275950919393
620 -0.054892651521416015
621 -0.21355617310554187
622 -0.08716379085499092
623 -0.08201759477763522
624 0.005908486607059957
625 0.02240518639083257
626 0.0919904093286542
627 0.07361748486206478
628 0.1331578252921059
629 -0.016019498817268593
630 -0.11168151125563733
631 -0.03522069972673538
632 -0.035224672812916545
633 -0.05229008094144402
634 -0.06322617936592183
635 -0.011748301588264749
636 -0.06397440931125599
637 -0.011649284673057352
638 -0.09290562262193275
639 -0.1202677442315364
640 -0.01959531935365377
641 0.07877693108784178
642 -0.027844654443924997
643 0.05041693825102147
644 -0.04815116455722195
645 0.022636042753217296
646 -0.15052064686084096
647 -0.236008544494277
648 -0.25821519504890683
649 -0.24737741148375247
650 -0.09451437169396838
651 -0.0037030088642541216
652 0.1384594037936856
653 0.23320817423751816
654 0.18442963716663033
655 0.14201725386128247
656 0.22402297447326786
657 0.2052541058179966
658 0.17059926471179832
659 0.033371093169251236
660 0.02045257291232752
661 -0.23278236098135144
662 -0.250554704846598
663 -0.31368935701150025
664 -0.2199887300318082
665 -0.2410703691060369
666 -0.24657797163613052
667 -0.10068068265217267
668 -0.18502871145213085
669 -0.13802653974281887
670 -0.29479791104141895
671 -0.25724249936725846
672 -0.1945943323448166
673 -0.09774651164861284
674 -0.16885334788242973
675 -0.12319888831917333
676 -0.08224512151617396
677 -0.07575145643334391
678 -0.05467484570450719
679 -0.0074892721782065744
680 0.02906889327898069
681 -0.06347897606687335
682 -0.16475861438938938
683 0.07725547272823013
684 0.24231123123393505
685 0.09282765926567851
686 0.12406449012251676
687 0.16812737855804502
688 0.21893499186668414
689 0.20967708196027723
690 0.10529089923547331
691 0.0783439727392472
692 0.026308313064148853
693 0.03577106220131186
694 0.008040538610328777
695 -0.00461432161653575
696 0.08751683327422721
697 0.1895153879427297
698 0.06426456359899266
699 0.016444397839981074
700 -0.056372037783782136
701 0.059400165071005914
702 0.0481170373345404
703 0.17371437997532757
704 0.11336066505868993
705 0.10436459802953016
706 -0.027454541985174667
707 0.09251911049709902
708 0.050632111565435824
709 -0.08809518021039864
710 -0.13260717785315304
711 -0.3267881744671502
712 -0.2969729025633264
713 -0.25715171548971616
714 -0.205509508910281
715 -0.05012882149731983
716 -0.07220379320356832
717 0.0076876186472628425
718 0.03502033879370655
719 0.014119357271675542
720 -0.17420476042861185
721 -0.07150917932463983
722 -0.10971591681498444
723 -0.09712829488491162
724 -0.20175693527111363
725 -0.15611164370101213
726 -0.13077770577279985
727 -0.11505234948815095
728 -0.11567849617595098
729 -0.009681000390624781
730 0.07824697728048843
731 0.1357547962793135
732 0.421076404706715
733 0.32494848450208513
734 0.25829705965382743
735 0.1411350215111643
736 0.16626027702672475
737 0.08776038394863658
738 -0.16386821119617132
739 -0.2566818214011376
740 -0.22451096833699422
741 -0.11117901135801452
742 -0.24018585043006588
743 -0.27128705693265026
744 -0.25670001372996815
745 -0.2965983864051945
746 -0.21913380635361476
747 -0.1968603499404695
748 -0.1482603826428777
749 -0.1987036876956729
750 -0.04054504940420673
751 -0.036524295252038104
752 0.08354760013286347
753 0.035683050389612135
754 0.08521829712512564
755 0.015551926942861989
756 -0.07158509834599348
757 -0.12781811834850543
758 -0.11916430825993395
759 -0.12693388874103437
760 0.02428813100202472
761 -0.08152406276550289
762 -0.17150210640988595
763 -0.0013349625708000135
764 0.053589062988009785
765 -0.12109682135573659
766 -0.06423292034202498
767 -0.03644968536725878
768 -0.22580468103609344
769 -0.23648483121285307
770 -0.2144072937568238
771 -0.12714033783988551
772 -0.028521694066605086
773 -0.017052315260032456
774 0.07766348855975216
775 0.05673254498875511
776 -0.02611542373669988
777 -0.10758024724634531
778 -0.04798414601074233
779 -0.21942094911357907
780 -0.13647617280143812
781 -0.22242013158656398
782 -0.2325082870418741
783 -0.16377308708992408
784 -0.03778109730881041
785 -0.2086642743707698
786 -0.26035388600950393
787 -0.22990294509497428
788 -0.26056042069836644
789 -0.15695829950782142
790 -0.3290376204481266
791 -0.26357171075191976
792 -0.19888172379147434
793 -0.17457631566958018
794 -0.057917378169941365
795 -0.16278732317212585
796 -0.046733082635842506
797 -0.10532261063417343
798 -0.029490802943670104
799 -0.05572010240297209
800 0.02314278946072841
801 0.09107080419290928
802 -0.049801097848634915
803 -0.058725195506718994
804 -0.061171584624789846
805 -0.07646320005342579
806 -0.13682652890726008
807 0.04348553449508183
808 0.05795568193737054
809 0.19211155323361148
810 0.12167701909417299
811 0.013947608666779358
812 0.02445514790288204
813 -0.02868166125797726
814 0.1892996414778365
815 0.19245773375707365
816 0.2769458825323206
817 0.2290700747879737
818 0.17681754979076406
819 0.15635376722731542
820 0.1727329440464254
821 0.2319224657003168
822 0.19773635777023363
823 0.11668608033165168
824 0.008908580414696535
825 0.0011165797297110138
826 0.05257156709284798
827 0.08852964725143994
828 0.07807310311144144
829 0.016253300869092126
830 0.027836844487002965
831 0.07651559913615176
832 0.06555045013600412
833 0.06910856911370342
834 0.048652322893792434
835 0.12618202473004475
836 0.0741257981965601
837 0.08341142426389407
838 0.1105688045385948
839 0.16480895432755563
840 0.2829576878244029
841 0.31545276187034166
842 0.33783667687464075
843 0.1717316711752585
844 0.20913485904507798
845 0.3946559582527162
846 0.28048937372635396
847 0.1606836499072041
848 0.12529643911614163
849 0.2046791265534286
850 0.23143875820479987
851 0.16535370380208
852 0.1455792170664248
853 0.224354803719434
854 0.2624551006784237
855 0.4548085178676495
856 0.49983946730889395
857 0.48167657001824116
858 0.4888342778408874
859 0.4085422728743989
860 0.279688475448992
861 0.267195769799176
862 0.2846266867621259
863 0.13058854583003388
864 0.07051760938481792
865 0.030232817281728996
866 0.05111735177984176
867 0.0225636713039734
868 0.06036600810458754
869 0.063159509454108
870 0.15227303433280986
871 -0.016959358466675484
872 0.1338777948038554
873 0.2480806764934123
874 0.22780114659731326
875 0.2635501212202931
876 0.2917844651354603
877 0.1962499521235204
878 0.19144481283759696
879 0.24233600767279825
880 0.24598591518019236
881 0.31600619276856073
882 0.2929552233979292
883 0.27092729003420807
884 0.17473222388857684
885 0.12445057702612178
886 0.07063092803008347
887 0.21706135182506495
888 0.21700071633582105
889 0.10535225958000279
890 0.13069088855653185
891 0.10034146700408467
892 -0.18453147393469124
893 -0.12289161313737855
894 -0.2503453423095559
895 -0.17324901025553854
896 -0.24243783314273057
897 -0.3494432512638414
898 -0.27000817754904316
899 -0.3774847986688604
900 -0.37993924711491517
901 -0.323551356860519
902 -0.23609529409294233
903 -0.14544615640398942
904 -0.13416685673342368
905 -0.19566575235206335
906 -0.0029557887794737616
907 -0.057198528750000185
908 0.11084433245878461
909 0.05903265161734385
910 0.15764509885637212
911 0.23817748747624687
912 0.12026165646470169
913 0.14021109644879218
914 0.19417526943108993
915 0.2378461334250729
916 0.19615714955701496
917 0.20371783868786653
918 0.14782398352947967
919 0.0275783810466307
920 0.11338164426658928
921 0.051672151867260235
922 0.17068317392509375
923 0.20783543764414925
924 0.10671369326357476
925 0.08153447517850591
926 0.04760638527508968
927 -0.03553414172109579
928 0.013147935541413499
929 -0.031242124660234454
930 0.11873432403256076
931 0.18434110332096335
932 0.08668997718012483
933 0.07631093252285386
934 0.04827142197530591
935 -0.09736142706523239
936 -0.0038122732695784214
937 0.08205174742639906
938 0.15714168200697387
939 0.10029860662285811
940 0.1864774834062749
941 0.14895197087761755
942 0.21822007395305254
943 0.35952556991832596
944 0.3361829022439211
945 0.1748412220765252
946 0.1288359921813215
947 0.17364112093770492
948 0.2660657029566904
949 0.13741784947559932
950 0.1065267177385087
951 0.1168745673280688
952 0.1443369597789176
953 0.21184138807130343
954 0.10529768018333137
955 0.0566548654147
956 0.14170636185728205
957 0.16284586767274153
958 0.18691553947581926
959 0.26950310040802017
960 0.2519175954410362
961 0.27424614388339785
962 0.2185107819225022
963 0.0756088019060982
964 -0.048525287959809475
965 -0.03698390933239167
966 -0.05124598301881199
967 -0.10503566988417881
968 -0.06591081621803574
969 -0.13944417428597455
970 -0.11547940288290978
971 -0.10568849284344341
972 -0.17071864587420132
973 -0.36048531053518784
974 -0.19334931469911912
975 -0.14551703201585103
976 -0.37073666334785843
977 -0.37204157260008963
978 -0.29939651952764196
979 -0.2899895297379188
980 -0.20876086662983628
981 -0.2754788626392843
982 -0.23216588074572966
983 -0.21376282501732077
984 -0.2088621213421663
985 -0.2078685103688999
986 -0.16910329936467342
987 -0.0682480421962778
988 -0.10913401999465466
989 -0.134872220156263
990 -0.10693414888381064
991 -0.10705423180201698
992 -0.061644602310826004
993 0.009166024138147459
994 0.12445642298091153
995 0.10153080733837061
996 -0.11357909309489936
997 -0.10848739233637104
998 -0.06579031468327831
999 -0.07603723470289794
